DRAW RESULT OF RS.25,000/- DENOMINATION PREMIUM PRIZE BONDS (REGISTERED) – 17th Draw

First Prize of Rs. 30,000,000/-

862446      887434

Second Prize of Rs. 10,000,000/- (each)

248068    493905   747331   866955   919237

Third Prize of Rs 300,000/- (each)

000852	086179	159651	227241	303890	395023	470479
005168	086862	163864	227825	305305	395626	471745
009113	089693	166165	230070	305309	397526	473878
011199	090916	169794	230494	305790	398740	477563
011516	091258	171514	231211	306929	401152	479495
011783	094548	172483	235247	309043	401281	481615
016551	098791	173419	236409	309814	404148	482820
017075	101185	175027	237028	309854	406981	483714
017130	102376	175614	237359	314604	407626	484178
017334	103723	175625	237725	316169	407769	486518
021264	104278	176478	238948	321478	409873	486532
021387	104550	177095	239613	321652	412798	488165
021759	105028	177128	241422	326423	414641	490433
022889	106353	178000	242266	326581	415252	490655
023516	107055	178287	244896	331652	416279	491716
028048	107738	178491	246770	333706	417096	491822
028886	107787	183054	248258	335252	418559	493438
029557	108343	187290	249701	337889	419762	496336
030008	109098	187813	254606	337920	419899	498899
030698	109522	187874	254945	340753	420563	499475
032552	109978	187952	257801	343132	423547	499750
034108	110790	188331	261380	343856	425362	500282
034260	112571	189277	262583	347230	426563	502828
036499	115544	190560	262915	348023	427996	504427
038037	118928	190721	263230	350764	432562	504762
039180	123563	193452	263618	351201	433547	504997
040401	125915	197274	264209	351430	435129	506774
045257	127335	197794	265075	352981	437563	510443
047739	129409	198232	266614	354204	438878	511609
050669	130030	198849	267355	355421	441281	511815
051026	130202	199194	269794	355925	442209	512151
051034	131312	200686	269852	358342	443006	513182
052887	131781	201263	270852	359396	444475	513523
053774	131798	201945	271486	359798	444982	514161
054306	132491	202758	274598	360928	446536	514364
055578	133951	202764	275173	360931	447037	515521
056388	134577	202950	276305	362729	447695	516459
058203	139138	203098	279015	362806	447889	517660
059610	139208	203222	282917	365413	450568	517929
063688	139915	204366	284601	370019	450943	518220
064017	140447	205311	286973	380400	451214	518662
064330	141018	208925	287037	381405	451311	521265
065716	142668	209019	288456	381524	451590	521516
066026	146069	209736	290119	382714	453944	521846
068513	146451	211290	290643	383003	453960	524997
072628	147276	214813	291404	383059	454311	526046
074546	147487	215345	292954	383967	454965	528206
076488	147788	216452	295358	386943	456289	530770
078727	147876	218925	295879	389430	460387	530963
078739	149297	221247	296348	390131	461942	531105
079189	149327	222665	296520	390171	463020	533591
081650	149939	223835	298849	390592	463266	533846
082384	152752	224598	301652	391916	464127	534656
082478	156115	226859	301868	392596	465085	536591
084848	158885	226969	301883	393655	470324	536959

537765	617031	694522	772999	865627	925854
538914	618564	698044	773366	866479	927077
539088	618696	699684	775261	867481	927153
541547	618778	700635	776349	868642	928245
542666	620265	702778	779101	868863	928899
545391	621678	704107	782784	868866	929918
547731	622768	704343	787891	870470	931678
554747	624271	705963	789547	873901	934560
556324	627371	707377	790047	874619	935239
558623	628699	707511	790877	875799	936637
559428	628915	707577	791750	879095	939255
561260	631533	708416	791779	879380	939801
561867	632797	710371	791852	880825	940958
561909	634314	710981	792005	883625	943174
563340	636657	711841	792289	883801	947923
563717	637385	717889	793308	883954	949774
565657	638141	718084	803954	885408	952791
567859	639327	720405	804541	888869	952866
567966	639405	720849	805087	889175	954124
571625	639529	721400	810229	890760	955464
572459	639699	722589	814121	890889	956486
573290	640686	723830	814749	891692	958074
573588	641832	725343	814814	892214	958293
573684	642162	727379	815743	893757	958519
574497	642472	728021	816459	893902	959584
575736	643559	728473	819948	894198	961254
578175	645586	730174	820825	894339	962791
579886	647166	730755	824291	894379	963072
579996	647914	730837	824586	895706	964426
580432	649280	736209	824590	896052	965374
582771	649908	740143	825520	897962	966483
582902	652154	740239	826792	898367	967113
584577	652942	740337	826915	900072	976212
584637	654409	740829	829496	900377	977335
585677	655762	741140	831680	901939	978563
586176	660378	742433	836102	905761	980825
587485	664816	742863	836125	906578	988265
587510	668885	742983	836696	907736	989529
588508	670663	743379	844623	909497	990338
590326	673653	744327	844897	909629	999242
591209	674046	744375	847734	910428	xxxxxx
594082	675913	745182	850197	910459	xxxxxx
597883	675988	745748	852648	910640	xxxxxx
598388	676654	747515	853459	912263	xxxxxx
599205	679032	748891	854088	916005	xxxxxx
600658	682571	750319	854122	916520	xxxxxx
604307	682766	754607	854649	916560	xxxxxx
607172	682942	760521	856155	916677	xxxxxx
609232	684445	763409	857829	917112	xxxxxx
610727	684548	764714	858816	918005	xxxxxx
611657	684677	764798	860486	918344	xxxxxx
612259	687441	767429	861012	919124	xxxxxx
612942	688474	767818	861758	919138	xxxxxx
614242	689816	768694	861946	920659	xxxxxx
615123	694473	772366	862654	925670	xxxxxx
