DRAW RESULT OF Rs.25,000/-DENOMINATION PREMIUM PRIZE BONDS (REGISTERED) – 21st DRAW

First Prize of Rs. 30,000,000/- each

163294     976291

Second Prize of Rs. 10,000,000/- each

124760    396147    669484    784591    846050


Third Prize of Rs. Rs. 300,000

001419	080973	176622	269340
002993	089139	176687	270532
003133	090267	179020	270779
003785	091471	181934	273446
004109	091675	183615	274482
004165	094030	183925	278198
005409	094907	185837	278945
005849	095299	190734	282327
005871	095857	190965	282849
006404	098232	196247	285921
006689	099054	200374	286751
006884	099936	201324	287455
007042	103274	203651	287657
007314	103460	205663	287840
010039	104950	206313	288426
010230	106044	207121	289031
014747	106547	208725	289661
015220	107542	210506	293173
018967	109864	210644	297095
019686	112381	210906	303051
024027	113037	211034	303762
025763	113598	212098	304626
027092	114607	212737	306204
027388	114802	213462	308187
028650	114999	214287	308254
030842	116830	214582	308939
032482	117593	215292	310079
039348	117939	218253	310224
041600	118182	218917	310846
041671	118695	219842	315017
041947	118877	219938	315226
042343	121560	220059	315620
042557	122587	221149	316546
043290	122591	222872	317967
044234	125898	229984	321014
047163	127666	230229	321566
048287	129513	230507	321733
053722	136520	231810	324842
054099	136890	233077	326591
054587	136911	237817	330265
057705	137711	240538	332611
061024	141021	241632	333095
061079	141878	246551	335731
061453	142024	246784	336235
063669	143928	248682	336414
064103	145040	249744	338600
064559	146160	249788	339575
064687	147902	250620	340263
065322	154851	251115	340502
066527	155156	251999	341982
066623	156193	253510	344818
067395	161498	255269	346120
067940	162131	256351	346858
070381	166873	256480	352123
071206	167863	257354	353280
072322	168136	257909	355600
073571	168933	261815	357634
073911	170725	265717	358607
074057	171466	268274	362297
076521	176373	268480	362997


364909	451023	541320	627895
365519	453156	541351	629504
366328	454829	542257	629596
370048	455200	543141	632637
370126	455669	544323	633276
370745	457364	545400	637434
371315	457900	549688	638196
373246	459719	551014	639923
374727	460669	552120	641440
375007	460960	554656	642367
375894	463404	555173	643133
376597	465427	555960	644121
377832	466272	557143	644664
378088	467825	557615	645019
378852	468441	559892	645246
379375	475480	560789	646358
391349	475657	562429	651400
396114	476742	563692	652252
398043	478549	565776	652443
398932	481663	567334	652864
402981	483430	567496	653999
403021	485000	567921	654083
403398	485277	569558	657275
404161	487155	572496	658169
405053	489696	573533	661668
406178	491030	573818	663539
406692	494287	575248	664389
407456	494450	576589	666625
408688	495329	581363	666899
410882	497309	581511	668919
411652	500068	581521	669051
412141	500326	582111	669630
412759	502466	589442	669700
413021	504567	590191	670047
418127	505172	592634	673076
422787	505384	592765	676387
423548	505620	592921	677774
423823	505648	593238	678067
424050	507933	595086	678482
424527	508997	595220	678602
424689	509071	595224	678766
425018	509210	595938	679080
425219	509383	596247	680355
426210	509500	597108	681168
426545	510366	598299	682531
427496	510774	600163	682544
428149	511495	605373	687229
428298	512034	605871	687855
428851	514447	607450	688451
431698	515055	609818	688492
437675	521384	610105	688777
438181	522088	612148	688836
439632	526115	613536	689694
440236	528670	616010	690043
441647	528858	616540	691376
444136	529436	616955	693951
448223	532803	619080	695409
449492	533368	619202	696254
449521	533655	619739	696913
450659	533708	622349	697861


698098	777640	849208	937888
698564	777882	849254	938023
699192	781891	849547	938370
699306	782446	849808	939624
702481	786139	850526	944889
704025	786939	850705	944954
705018	786980	852081	945371
705258	790848	852387	947746
705626	791078	856257	948935
705732	791215	859660	950496
705761	793435	863321	952416
706389	793584	865900	952628
707689	793711	866190	952667
709951	796678	868743	954295
715805	799328	868758	958337
718231	799663	873492	960626
720973	802430	873584	961078
721849	802486	874257	961390
722632	802953	874869	963003
723692	803175	875531	966420
725487	803649	876737	966905
727887	805833	877686	967573
732110	808476	881641	967745
732957	808824	882585	967809
734417	809612	883356	968518
734604	809803	884159	972552
736956	810081	885152	973306
737548	817897	885726	975805
737683	819426	887438	977701
737912	821849	889635	981627
740861	822777	892938	982391
741186	822993	894763	984286
744737	823380	896314	985664
744768	823667	899955	985891
750244	823823	900802	986815
751963	831328	902821	987366
752252	831956	903748	988061
754463	832194	905222	992983
757036	834106	905765	994364
757421	836739	905767	995595
758368	837294	911152	xxxxxx
762922	837356	911477	xxxxxx
764711	837873	911520	xxxxxx
764715	840643	914829	xxxxxx
766997	840700	915711	xxxxxx
768119	841196	916290	xxxxxx
768605	841395	918632	xxxxxx
768957	842058	918753	xxxxxx
770048	842110	920288	xxxxxx
770456	842713	921004	xxxxxx
770588	843227	921166	xxxxxx
771740	843389	921688	xxxxxx
771996	843404	924072	xxxxxx
772937	844002	927122	xxxxxx
775082	844302	928960	xxxxxx
775606	846496	931084	xxxxxx
775686	846623	934043	xxxxxx
776455	846846	934409	xxxxxx
776795	847493	935660	xxxxxx
777453	848812	937188	xxxxxx
