               DRAW OF Rs.40000/- Premium Prize Bond Registered

				HELD AT Rawalpindi

Draw No. 8TH									

Series:	Common Draw					Date: 11/03/2019

----------------------------------------------------------------------------------



First Prize of Rs. 80,000,000/-

953497


----------------------------------------------------------------------------------



Second Prize of Rs.30,000,000/- Each

891043     307083    218713

            

----------------------------------------------------------------------------------	

										

8th DRAW OF RS. 40,000/- DENOMINATION PREMIUM PRIZE BONDS (Reg) HELD AT 											
Rawalpindi On 11th MAR, 2019 - 660 PRIZES OF RS.500,000/- EACH											
											
003120	096011	160596	246287	324307	420041	496582	576652	656260	731925	801977
007352	096712	161487	248681	324914	421321	497804	579823	656643	732346	802112
007632	096956	163611	249992	325507	422191	498239	580016	657268	733736	802443
009297	096982	164238	250007	328091	422749	498823	580165	658683	735739	803159
010792	097066	169063	250781	328707	422848	499643	580416	660060	735877	804619
012581	102009	169337	251383	329077	427845	501198	580725	661166	736078	804754
017611	102884	172750	252120	329502	428220	501375	582125	661662	737273	805532
024714	106544	174936	252359	332053	428530	502140	583804	662219	738804	805943
032607	107511	175084	252558	333691	429269	504369	584703	665513	739331	806424
032784	108834	175310	254743	334077	430796	505149	585556	666060	739383	807643
035554	110366	175871	255238	334411	431168	505380	586406	673832	739425	808452
036731	111288	176713	256971	334621	432013	505646	586778	674252	739793	809443
039064	111765	176743	258281	335665	433110	505713	588237	676881	741109	812383
040829	112068	177701	260975	341707	433174	505860	590130	677724	741435	813540
041660	112696	179436	263081	343938	433401	506909	590906	677801	742823	815011
042442	113389	179566	264781	344058	433827	509376	591432	678347	744822	816278
044474	113786	179945	265721	346746	435181	513342	592032	678927	746961	819367
044511	114503	182957	270613	347163	437666	517373	593531	680848	749031	823725
048111	114804	184014	270762	347830	437711	518714	596019	680858	749048	828643
050251	115907	184682	272364	348661	441794	522450	597872	681052	751199	829226
051671	116332	185587	273091	349242	442489	522987	598404	681235	752035	830005
052302	117267	185713	274035	349604	442542	523942	600973	683917	752906	830129
052338	119467	186973	274621	350726	442626	524183	602041	686299	754338	832841
053669	124586	188809	275204	354506	442785	525502	607164	690242	754764	833688
056756	125583	192961	277099	357742	444154	527709	609311	690696	758212	834477
057736	128530	193630	279497	358552	444859	529911	611434	691182	759554	837460
058801	131272	194083	281923	360550	445386	533688	612260	696228	760000	842029
059684	132700	194344	282796	366357	448886	535347	612305	697201	760241	843842
062537	134124	194429	283439	368667	448947	537642	612670	699315	768753	843950
063630	134137	196687	289058	370966	449086	537754	616964	703712	768961	845149
065096	137486	208349	290576	374737	453187	539577	617690	704471	770466	847089
065120	137697	210084	292199	375352	454099	540682	618309	705653	770644	847585
066102	139609	210586	293449	376603	454796	541054	619513	706138	772319	847705
066176	139680	212927	295402	378354	457747	541274	625199	706660	775192	848157
068132	142192	215624	296610	382522	458011	541502	626162	707022	775461	853251
068699	143490	217698	300631	384979	459869	543963	629573	708355	775541	854384
069545	143840	219294	301532	386966	462245	546120	629963	708371	775977	854784
074828	143946	220040	302294	390083	465616	547686	630249	710175	776343	857054
075921	144589	220636	305591	390884	466168	549641	631431	711780	778301	859345
079665	145900	221418	309578	395887	467710	552411	631447	713837	778466	860014
080077	147440	223135	310090	402908	467819	553992	634268	715701	778490	861634
080693	147540	223925	310582	403814	470150	554193	634328	717566	778683	863439
082631	147940	224237	310967	404914	473080	554933	638749	720790	780890	865532
083429	151154	225424	311038	405490	477337	556906	639502	722784	782216	865564
083783	151437	225572	311339	407754	477841	558145	640911	723982	784309	868321
084226	152556	226983	313206	407998	478008	563338	645955	725555	784596	877436
084440	155238	228006	318558	408912	479396	565514	650114	727368	787640	878849
086681	155370	234070	319253	409403	489494	568342	650943	728109	790717	880897
090352	155637	235072	320151	412146	490088	573068	651517	728349	792185	881584
091806	157658	239410	322823	414350	491355	573626	651688	729625	798091	882027
093014	157918	241096	322896	416556	492201	575188	653369	731105	800375	885184
095313	158364	241362	322927	419979	493438	575306	653435	731877	801851	885815


887039	964433	000000	000000	000000	000000	000000	000000	000000	000000	000000
887841	966465	000000	000000	000000	000000	000000	000000	000000	000000	000000
887844	967015	000000	000000	000000	000000	000000	000000	000000	000000	000000
890297	967358	000000	000000	000000	000000	000000	000000	000000	000000	000000
890303	967367	000000	000000	000000	000000	000000	000000	000000	000000	000000
890606	968936	000000	000000	000000	000000	000000	000000	000000	000000	000000
891723	969432	000000	000000	000000	000000	000000	000000	000000	000000	000000
892103	971468	000000	000000	000000	000000	000000	000000	000000	000000	000000
892503	971497	000000	000000	000000	000000	000000	000000	000000	000000	000000
892726	973862	000000	000000	000000	000000	000000	000000	000000	000000	000000
892945	974110	000000	000000	000000	000000	000000	000000	000000	000000	000000
894478	975555	000000	000000	000000	000000	000000	000000	000000	000000	000000
896962	979200	000000	000000	000000	000000	000000	000000	000000	000000	000000
899686	979843	000000	000000	000000	000000	000000	000000	000000	000000	000000
901383	980831	000000	000000	000000	000000	000000	000000	000000	000000	000000
903185	981571	000000	000000	000000	000000	000000	000000	000000	000000	000000
904528	981983	000000	000000	000000	000000	000000	000000	000000	000000	000000
907993	982229	000000	000000	000000	000000	000000	000000	000000	000000	000000
908148	982479	000000	000000	000000	000000	000000	000000	000000	000000	000000
909414	983034	000000	000000	000000	000000	000000	000000	000000	000000	000000
913630	983217	000000	000000	000000	000000	000000	000000	000000	000000	000000
913929	983276	000000	000000	000000	000000	000000	000000	000000	000000	000000
914646	983442	000000	000000	000000	000000	000000	000000	000000	000000	000000
915042	983514	000000	000000	000000	000000	000000	000000	000000	000000	000000
915449	986052	000000	000000	000000	000000	000000	000000	000000	000000	000000
916817	986523	000000	000000	000000	000000	000000	000000	000000	000000	000000
916969	986594	000000	000000	000000	000000	000000	000000	000000	000000	000000
923496	987935	000000	000000	000000	000000	000000	000000	000000	000000	000000
923517	988603	000000	000000	000000	000000	000000	000000	000000	000000	000000
923893	990018	000000	000000	000000	000000	000000	000000	000000	000000	000000
924008	993496	000000	000000	000000	000000	000000	000000	000000	000000	000000
925551	994186	000000	000000	000000	000000	000000	000000	000000	000000	000000
928137	994941	000000	000000	000000	000000	000000	000000	000000	000000	000000
934982	998229	000000	000000	000000	000000	000000	000000	000000	000000	000000
937394	998675	000000	000000	000000	000000	000000	000000	000000	000000	000000
940527	998905	000000	000000	000000	000000	000000	000000	000000	000000	000000
942128	000000	000000	000000	000000	000000	000000	000000	000000	000000	000000
943895	000000	000000	000000	000000	000000	000000	000000	000000	000000	000000
944633	000000	000000	000000	000000	000000	000000	000000	000000	000000	000000
944681	000000	000000	000000	000000	000000	000000	000000	000000	000000	000000
947474	000000	000000	000000	000000	000000	000000	000000	000000	000000	000000
949933	000000	000000	000000	000000	000000	000000	000000	000000	000000	000000
950030	000000	000000	000000	000000	000000	000000	000000	000000	000000	000000
950380	000000	000000	000000	000000	000000	000000	000000	000000	000000	000000
953870	000000	000000	000000	000000	000000	000000	000000	000000	000000	000000
954256	000000	000000	000000	000000	000000	000000	000000	000000	000000	000000
957378	000000	000000	000000	000000	000000	000000	000000	000000	000000	000000
959204	000000	000000	000000	000000	000000	000000	000000	000000	000000	000000
960425	000000	000000	000000	000000	000000	000000	000000	000000	000000	000000
961468	000000	000000	000000	000000	000000	000000	000000	000000	000000	000000
961713	000000	000000	000000	000000	000000	000000	000000	000000	000000	000000
962032	000000	000000	000000	000000	000000	000000	000000	000000	000000	000000
