
DRAW RESULT OF RS. 40,000/- DENOMINATION PREMIUM PRIZE BONDS (REGISTERED) 35TH DRAW

First Prize of Rs.80,000,000/- 

566979

Second Prize of Rs.30,000,000/- each

131132     202389       944403

Third Prize of of Rs.500,000/- Each

000446	096177	159883	247789	332751	412213	485662
002868	098716	160931	248967	333589	412818	488018
003496	099400	161238	249033	336076	418725	488700
005147	099913	161378	250578	337083	419943	489591
006783	102313	163020	253752	337117	421036	489854
008077	102719	166408	258100	337265	423645	490808
008387	104096	167614	259354	337528	424385	493830
008720	104241	169077	262041	337905	426389	495218
011586	105126	170849	262308	340512	427159	496174
012176	106755	172331	262741	342861	428165	496639
012668	108182	173390	265201	343810	433580	496653
013430	108292	175977	265243	349918	433695	497964
014185	109900	177493	265543	353312	437438	501033
014561	111143	178290	266309	353950	437829	501446
019264	112707	178392	267071	356554	440031	501727
022681	112804	182691	268841	357718	442298	502004
023653	115440	183348	274147	358325	442796	503776
024015	120618	184810	274692	360242	445875	503950
025592	124652	187598	275334	361990	446768	506883
026051	125333	188903	275642	362959	448588	509052
032234	125827	191840	275848	363893	449595	513028
034002	128363	193477	277121	367488	450108	513102
034427	128769	193740	277412	371818	450921	513982
035374	129327	194982	277491	372187	451411	515185
035500	130269	195608	279579	373699	452263	516622
037374	130706	195761	285388	375773	452365	517174
038238	134410	198885	286244	377598	453192	517223
038329	137285	203040	287211	378313	453498	518434
040186	137569	205861	288364	380759	456252	519672
041236	138476	206745	290511	382849	456861	522909
042476	138699	208840	291874	383424	457106	523236
043055	138728	212423	291909	384126	457692	523587
048136	139326	212606	292930	384614	460150	525882
052811	139401	213461	295220	384822	461145	526950
054130	139403	214340	295877	385496	462809	526986
054430	139425	215576	296845	386990	464142	530932
057895	139862	218966	296937	388399	464404	531182
058989	140008	222066	297654	390156	465008	531482
060251	142650	224078	297707	391146	466446	534722
060777	144013	224515	297821	392704	467805	551442
067808	149363	228521	297949	392819	468700	551852
070874	149963	230581	298756	392820	468706	553422
071349	149997	231812	298926	394304	468709	553642
074224	151382	232623	300710	394861	469260	555501
074302	155223	236076	302763	396521	469702	556032
075947	155597	240859	310582	400833	469989	556887
077378	158250	241143	311025	401370	475840	559598
080145	158297	241233	320204	401946	475865	562443
084952	158316	242465	326033	404560	477656	563630
090383	158404	242712	326228	405409	478129	564012
093662	159404	243375	328356	405838	482890	565765
095752	159408	244978	331733	408854	484186	565847
						
566859	638790	715810	795987	866935	948790
567036	639104	716381	797181	868649	949991
567188	639333	718053	797896	870035	950292
568691	639370	718545	798268	870612	951150
569423	644073	718765	801393	873547	951287
570080	645691	720685	801539	874157	952451
573682	646711	724111	802491	875667	952789
574584	649564	724873	803280	876612	953956
576354	657607	726306	803481	877284	955481
581413	658150	726797	807035	877886	959808
582329	661795	729317	811243	878584	962682
583758	662132	730539	813946	878715	963412
583902	664134	730700	813966	879164	964805
584427	666418	732368	814488	880572	964864
585938	666596	733084	814912	880899	965724
587126	667414	746548	817613	881422	965979
589907	667795	747304	818403	881615	966276
590525	668105	747461	818587	883599	967135
591208	670914	748405	819667	886515	970188
593119	672780	752101	820936	890325	970719
594276	674476	754334	825786	890696	974597
594372	675276	756205	828792	891898	975394
598696	675854	756915	828911	892081	976937
599072	676169	756936	830366	892364	977189
599918	676667	758001	831755	892820	981630
600703	679096	758101	832664	892889	984440
601126	679583	760120	832909	893874	987972
602351	682407	761120	833774	894716	988694
603157	682904	761414	838317	903377	990626
604815	683775	761900	838946	903996	991637
607427	685093	762130	843030	913837	993462
609372	685830	765126	843054	916262	994292
612283	687289	766694	843994	919702	994859
613336	687917	766899	845141	921565	997942
613959	689148	767075	846039	921588	998718
623469	689758	767260	846822	922826	999103
623634	690370	767671	847268	923736	XXXXXX
624576	691269	768133	849423	924195	XXXXXX
625564	693122	768586	851585	925235	XXXXXX
625650	693334	772785	853112	927053	XXXXXX
625740	694793	776332	856534	929253	XXXXXX
627353	694874	776413	857071	931794	XXXXXX
630435	696284	777346	861718	932217	XXXXXX
631538	697661	780705	862409	935025	XXXXXX
633633	698400	788492	863910	936872	XXXXXX
633634	702004	790988	864866	937551	XXXXXX
633638	705451	791720	865019	939439	XXXXXX
634537	707085	792308	865148	939571	XXXXXX
635283	707819	792379	865818	940031	XXXXXX
637031	710592	792759	866036	943477	XXXXXX
637035	711225	794429	866077	945653	XXXXXX
637511	713405	794909	866833	948643	XXXXXX
