                     DRAW OF Rs.1,500/- PRIZE BOND
                          HELD AT Muzaffarabad
Draw No.:  82nd                                             
Series  : COMMON DRAW            			Date : 15/05/2020


--------------------------------------------------------------------------------------------
First Prize of Rs. 3,000,000/-

693022 
--------------------------------------------------------------------------------------------
Second Prize of Rs.1,000,000/- Each

736750      903700   934907 
--------------------------------------------------------------------------------------------
Third Prizes of Rs.18,500/- Each (1696 Prizes)


000160	029078	058815	087951	118002	148400	181629	212778	243152	278361	313640
000722	029265	059219	087957	118289	149318	181640	212897	243499	278540	315973
001049	029383	059603	088028	118312	149936	181645	215163	244379	279061	318362
001143	029470	059788	088973	119472	151005	181664	215941	245579	279164	318539
001586	029689	059811	089122	120295	151351	181706	217612	245686	279231	318992
001758	031503	059974	089458	121023	152334	181974	217797	245719	280104	319999
001944	032006	060046	091617	121062	152541	182487	219003	246192	283681	321010
002165	032166	060144	091773	121157	153312	183620	220266	246864	283876	322619
002927	032990	060253	091903	121436	153419	183935	220510	246909	284344	322840
003755	033277	060366	092558	122128	153679	184399	220669	247212	285826	323518
004097	033562	061552	092588	123033	153729	185929	220809	247791	287399	323620
004126	034497	062382	092808	123302	154163	186591	221856	249819	291716	324270
004135	035395	062636	094018	124009	156334	186639	221960	252920	292208	324973
004507	035871	064425	095097	124715	156609	186863	222969	253118	292780	325432
005765	035880	064824	096006	125345	158219	187345	223655	254059	292910	326678
005898	035905	064889	096765	125981	158342	187355	223696	255475	294168	327726
005947	036208	065039	096972	126156	159214	188416	226229	255930	294331	329081
006708	037451	065374	097604	126423	160230	189012	226684	256839	294710	329791
007813	039447	066496	099123	128791	160287	189363	227233	256985	294725	330384
008452	040704	068915	100621	130027	160918	189375	227653	257627	294917	330434
008863	041051	069123	100691	130046	161719	190024	227824	258285	294943	330784
009506	041633	071147	101619	132092	161858	190029	228406	258725	295416	331041
009528	041917	072119	102480	132180	162471	191001	228576	258970	297015	331393
009882	042361	072370	103379	132230	162890	191225	229660	259830	298215	332104
010924	044833	072773	103871	132263	163806	192343	229745	260850	299256	333052
010997	045438	073371	104416	132430	163867	192618	229805	261350	299271	333333
011194	045516	074096	105125	132879	167153	193345	230535	261814	299557	333515
012206	045602	074585	105533	133046	167306	194373	231457	261822	299979	333534
012627	046345	074796	105707	133053	169192	194520	231574	262445	300963	334920
012781	046534	074984	106518	134282	171223	194793	231620	262649	301157	334925
012975	047354	075662	107038	134878	171497	195887	231865	263183	301373	335560
014554	047557	075682	107243	137304	171983	196019	232794	263955	302693	335868
016190	047738	076613	107298	138278	173500	197823	232900	264417	303077	336479
016314	047871	076882	107550	139164	174448	197869	233546	266439	303184	336778
016569	048210	079436	107793	139464	174678	198306	233991	266855	303503	337277
016902	050674	079859	107944	141451	175510	198408	234071	268279	303567	337593
017059	051046	081389	109414	142069	175915	198448	235449	269510	304119	337594
018328	051307	081616	109447	142166	176217	200067	235824	270486	304869	339183
018817	052173	082137	109477	142280	176518	200242	236697	270585	305009	339760
018844	052326	082224	109631	142382	176912	201720	237324	270955	306069	340661
018997	052388	083892	111768	143033	176958	203474	237770	271502	307085	340963
019427	052760	084371	112333	143245	178047	204169	237793	271824	307352	343505
019441	052768	085156	113739	143354	178164	204697	239278	271941	308121	343795
020163	053513	085310	114396	144463	178224	205691	239452	272030	309601	345067
020900	055221	085575	114696	144497	178318	207772	240161	272039	309805	345930
021503	055366	085811	114712	144509	179611	207829	240283	272728	310479	346314
023152	055517	086347	115832	146565	180555	208107	240374	272871	310763	347735
024652	055556	086604	115886	146673	180791	208626	241276	274410	311258	347804
024670	057186	086849	116213	146710	181259	209891	241589	274864	311799	348447
024671	057277	087514	116269	147549	181463	210690	241661	275724	312197	348551
025457	058433	087704	116909	147593	181479	211350	242848	276850	312489	348600
027824	058498	087712	117116	148377	181584	212776	242873	277796	312760	349226


350183	382297	406318	439028	464150	495893	521254	549980	574204	617515	652530
350765	383063	406555	439247	464956	496908	521340	550459	574981	618202	652592
351102	383265	407953	439307	465115	497612	523469	550666	577361	618827	652935
353249	384124	407974	439764	465297	497902	523849	550913	578489	618945	655017
353380	384225	408746	439833	466148	499426	524588	551310	578660	620745	658347
354431	384252	408930	439873	466445	499761	525028	551390	581303	621927	658733
355215	384621	409316	439966	466693	500753	525648	551410	582961	622902	660933
355726	386175	409667	440992	467267	501108	527193	551441	583381	622910	661067
356583	386436	410125	441833	468304	501292	527251	551835	583500	623565	661087
356882	386602	411324	442240	469589	502109	527252	552100	584113	623903	661715
357553	387863	411851	442580	469839	502153	527496	552403	584581	626753	662123
358434	387891	413592	442937	471602	502362	527538	552784	585788	627708	662453
359592	387917	413625	443005	472590	502767	528533	552923	586258	628078	662827
359897	390309	414807	444355	473092	503906	529292	554249	586514	628272	663173
360152	390817	416232	445590	473582	504299	529362	556087	586920	629739	663329
360249	390878	416832	446330	474686	504620	529955	556257	586964	630150	664175
360437	391992	417906	446470	474721	505915	530829	556439	587999	630799	665030
360996	392530	419040	446907	474890	506588	531739	556914	588626	630879	666557
361183	392592	419348	448778	474995	507837	532047	557394	588658	632668	667431
361330	393037	420178	449867	475566	508622	532963	558218	588681	632750	667557
362902	393279	420185	449935	477639	508874	533437	558831	589273	634243	668110
363832	393811	420208	450065	478649	509456	533870	559108	590356	634457	668339
364168	394589	421023	450381	479172	509577	535160	559144	591369	634494	668351
364238	395606	421071	451430	480154	509719	535415	559404	592272	634905	669560
364775	395619	421400	452322	481431	509730	535607	559448	592476	635817	669821
365067	396764	422031	452799	481733	510277	538252	559608	592826	635991	670295
366373	397040	428020	453858	481959	511593	539181	560359	594046	637280	670318
366674	397384	428769	453959	482969	511987	539266	561308	594204	638284	670499
368220	397662	428834	455120	483465	512052	540012	562241	594906	639008	670848
368900	397665	428843	455245	483815	512977	540086	562898	595283	639332	670932
369066	398022	429394	455423	483867	513200	540090	564271	595505	640117	672074
369397	398161	429665	455511	483945	513409	540736	564671	595513	640939	672405
369427	398411	429922	455722	484115	513787	541077	564711	596688	641021	672746
369460	398546	430259	455835	484254	513873	541334	565176	599068	641115	672826
370662	398662	430312	456017	484921	513918	541931	565426	600027	642171	672858
370930	400899	431218	456428	484929	514389	542090	565476	602179	644313	673824
371516	401029	431367	457518	485319	514760	542340	565846	605787	644585	674302
371905	401079	431372	457527	485450	514822	543251	565954	606045	645500	674999
372412	401081	432404	458616	485830	516191	543723	566306	606511	646768	675197
372786	401086	432421	459519	485912	516622	543763	567004	606821	647767	676337
373181	401200	432588	460415	486490	516897	544239	567553	608133	648429	676882
374209	401312	433054	460434	488042	517220	544509	567596	608186	648658	676915
374716	401940	434773	461154	488617	517435	545019	568120	608957	648829	677506
375087	403065	434946	461225	491729	517569	545392	568980	610642	649061	677541
375320	403183	435435	461564	494071	517697	546345	569428	611164	649132	677606
378679	403441	435511	461904	494321	518054	546806	569723	612432	649606	678810
379666	404824	436608	462252	494383	518382	547284	571153	613238	649752	679041
380179	404981	436680	462337	494774	518448	548062	571439	614921	649815	679122
381041	405198	437351	462401	494833	518819	548289	571572	614959	649817	680188
381690	405415	437421	462759	495392	519682	548427	571580	615802	649945	680226
381910	405725	438287	462875	495503	520568	548433	573753	616102	650204	680233
382092	406139	438700	463981	495815	521143	549341	574084	616940	650712	680915


682684	711425	736778	768447	798210	826355	856281	885912	921442	947904	974357
683139	711469	736851	768451	798443	827008	858036	887623	922232	947982	974421
684667	711495	737293	770188	799212	827018	858763	887754	922344	948308	974545
684715	711576	737728	770418	799800	827556	858788	887943	923000	948738	974574
685644	711839	739388	770627	799802	827788	860679	888057	923474	948940	975492
685852	712479	740382	770756	799856	828082	861050	888530	924355	949540	976803
686211	713045	740732	771231	800855	828564	861108	888639	924371	951252	977979
686403	713459	741068	771251	801430	829172	861239	888727	924386	951722	978401
688684	714239	741603	771318	801441	829617	861590	889064	924868	951998	978819
690097	714453	741981	771359	801892	832257	861748	889475	925539	952360	979182
690424	714560	742230	771901	802000	832457	862173	890104	925942	952516	979685
691251	714905	742533	772459	802105	832560	863140	891131	926284	953722	980250
691374	715127	742969	772538	802537	832896	863598	891939	927313	954051	983064
691845	716954	743362	772821	803381	833019	863720	891951	927493	954975	983198
692037	717266	743940	773309	803559	834147	864179	892049	928025	955657	985209
692591	717287	744249	773390	804090	834307	866009	892231	928320	956128	985458
693193	717773	745777	773396	805186	835241	866575	892250	929113	956931	985706
693334	718273	746591	776913	806659	838945	866645	893359	929126	957382	986182
693340	718341	746698	776940	808412	839436	867473	894173	929241	957587	987194
693855	718695	746834	777355	808437	839719	868788	894292	929311	957980	988087
694219	719126	747172	778041	808579	840302	869095	894337	929731	958157	989140
695159	719290	749234	778062	808952	840347	869389	894396	929750	958561	989995
695346	719713	749911	778340	809606	841564	869522	894626	933506	959715	990206
695394	719746	750370	781120	810894	841639	871789	894690	934379	959742	990438
695506	719749	751341	781319	811119	841900	873078	894863	934495	959927	990900
696078	719751	751565	781438	812309	842159	874101	895910	934801	960054	991135
696783	720164	751922	782381	812843	842335	874115	897240	935004	960078	991243
697008	720352	751928	782984	813916	844597	874197	897906	935385	960205	991304
698421	721519	752025	783439	814441	845273	874370	898738	935955	961276	991418
700385	722844	752860	784346	815112	845674	875359	898877	936451	961282	991571
700710	723024	753853	785160	815419	845799	876378	900214	938252	962545	991778
700728	723854	754914	785326	815543	845800	876882	901153	938804	963931	992248
701629	723989	755126	785422	815654	846166	877864	903217	940677	964188	993332
701698	724180	756023	786198	816475	846753	878264	903249	941182	964229	993945
701839	724729	756673	788723	816814	846990	878701	903321	942461	965116	995595
702399	724894	757076	790896	817312	847189	879001	907034	942474	967049	995650
702464	725055	758600	791194	818062	847223	879048	909436	942653	967152	996964
703707	725179	758702	791342	818196	847374	879950	911511	942729	967355	997184
703711	726119	760956	791904	819347	849079	880087	911515	942848	968232	997726
705619	729177	761014	792048	821621	849196	881103	912272	943778	969464	998563
705648	730000	761273	793407	822112	849972	881973	912575	944246	969762	999468
705714	730410	761965	793977	822447	850135	882273	914115	944464	969784	999598
707271	731295	762009	794257	822872	851742	883800	914634	944512	969937	xxxxxx
707273	731323	762069	795080	823147	851779	883895	915024	944806	971247	xxxxxx
707725	732155	762766	795170	824327	852197	884493	915405	944974	971773	xxxxxx
708053	732634	763199	795900	825142	853118	884640	918527	945417	971780	xxxxxx
708390	732644	763230	796098	825253	853542	884646	919462	945663	972176	xxxxxx
709120	733117	764650	796457	825539	854575	884712	919521	945831	972710	xxxxxx
710408	733482	764902	796590	825786	854699	885623	919625	946284	972898	xxxxxx
711140	734043	765819	797488	826010	855237	885714	920894	946531	973683	xxxxxx
711192	734469	766510	797808	826251	856034	885856	921028	947404	974140	xxxxxx
