                     DRAW OF Rs.1,500/- PRIZE BOND
                          HELD AT LAHORE
Draw No.:  94th
Series  : COMMON DRAW            			Date : 15/05/2023


--------------------------------------------------------------------------------------------
First Prize of Rs. 3,000,000/-

965838
--------------------------------------------------------------------------------------------
Second Prize of Rs.1,000,000/- Each

254133	495442  912985
--------------------------------------------------------------------------------------------
Third Prizes of Rs.18,500/- Each (1696 Prizes)


000055	027496	062431	100333	136876	161837	192971	219972	251933	286968	322951
000076	027569	062623	100548	137113	163167	193529	220295	253327	287049	323183
000867	027657	065918	100603	137934	163221	196011	220378	254111	288312	323334
001291	028069	065979	101165	137955	163935	196194	220700	254178	291787	323875
003574	028750	066034	101459	138093	164358	197482	221366	255875	292334	325717
003717	029287	066252	101837	138711	164404	198541	221765	256078	293935	326756
005106	030174	067213	102278	139101	164698	198976	222640	257223	294329	328377
005707	030666	067288	102494	139936	165398	199057	222952	259217	294378	328672
005840	030681	068441	103507	140358	165620	199245	224016	261171	295405	329022
005922	031700	069598	103756	140545	166468	200196	224208	261596	295594	329628
006408	034783	069978	104717	141421	168014	200258	224703	261896	296216	329728
007360	035405	070305	105316	141518	169197	200340	225074	262321	297708	329940
007703	037012	071579	109066	142024	170025	202002	226349	262479	298529	330259
008472	037274	071992	109596	142560	170105	202017	227400	264046	298632	330553
008858	037288	072742	109924	142636	171704	202132	227940	266026	300452	330659
009779	037361	073475	110394	142704	172114	202398	227970	266341	300491	333005
010441	037415	073570	111231	142805	172472	202463	228912	268235	301202	333715
010806	037579	073633	112193	142989	172627	202618	230250	269407	303577	334786
010940	038232	074188	112830	143211	172798	202688	231463	269625	303823	335366
011799	039936	076493	113185	143636	173003	202771	231756	270043	304740	335988
013771	040109	077051	113547	143709	173424	203300	232083	270553	304862	336118
013815	040725	077440	114004	145061	174051	204156	232706	270839	305095	336246
014093	040758	077998	114691	145423	174363	204465	234976	271071	306193	337088
014114	041420	078316	114837	145645	175222	204739	235344	272453	306415	338157
014997	041888	078489	115471	145855	177119	204984	236928	272669	307030	338183
015194	042008	079002	119807	146779	177422	205037	238809	272983	307495	338305
015482	043829	079977	120345	147770	178970	205127	238828	273037	307877	339105
017939	043905	080784	122987	148830	179022	205327	240041	273073	308143	339258
018973	045178	080952	123030	149312	179453	205712	240137	273404	308499	339540
019012	046000	082646	123300	151107	179858	205766	240318	273618	309501	339555
019308	046269	082785	123534	151431	180309	206308	241048	274045	310617	340107
019692	046795	082881	123776	152509	181097	206591	241231	274369	310782	340900
020168	047176	083889	124750	152637	181984	206919	241297	275095	311041	340970
021332	047373	084774	124877	153954	182133	207437	242306	275415	312251	341623
021874	047564	085016	124896	154320	182221	207664	242872	275522	312952	341645
022445	048135	086151	125402	154527	182526	208852	243019	276273	313258	342089
022474	048847	086857	126531	155651	182976	210019	243571	276931	313372	344073
022569	049023	086885	127589	156361	183168	210122	243745	277272	313967	344554
022692	052168	087935	127650	157301	185936	210434	244756	278221	314764	344796
022844	053201	090213	128522	157493	186378	210450	244795	279651	315215	345020
022940	053487	090445	129357	158167	186754	211023	246189	279689	315698	345096
023450	055014	090573	129840	158284	186839	211583	246210	280390	315728	346320
023539	055081	091477	130495	158836	186863	213343	246370	281304	316186	346726
024081	055210	092255	130679	160031	188210	213739	246405	282007	316612	348547
024530	055805	092292	130876	160035	188345	216753	246525	282862	317024	349455
025252	057060	093235	131429	160198	189057	217021	246925	283671	317271	350071
025266	057719	094843	132084	160279	189846	217853	249466	283710	317573	350312
025822	057974	096701	132665	160516	190232	218231	249737	284097	318129	350522
026813	058545	097270	132675	160791	190287	218368	249938	284956	319259	350606
026865	058928	097603	132759	160951	190494	219289	250200	285533	319372	350644
027379	058988	097677	132836	161589	191748	219333	250934	285882	319835	351644
027419	060490	100254	136029	161669	192131	219874	251188	285977	322413	353261
										
										
353430	390718	418759	448392	474184	507800	531379	565071	587831	610079	648753
354419	391164	419089	449046	474303	508730	531889	566504	589072	610201	649227
355466	391342	419151	449383	474502	508867	532137	566632	589774	611086	649364
355722	391476	419401	449673	475282	509366	533766	567869	589954	613515	649995
357005	391570	420471	449861	476774	509554	533788	567986	590262	613810	650107
357043	391763	422320	449888	476827	510870	534736	568538	590419	615591	651808
357589	392703	422975	450402	478596	511158	535260	569602	590460	615930	651851
358371	393168	423049	450607	478933	511245	535454	570083	590663	616433	652547
359238	394155	424535	450922	479157	511583	538533	570113	590763	616485	653809
359910	394553	425491	451455	479258	512368	539668	570614	590779	616830	655254
360761	394829	425537	451490	479309	513637	540269	570791	590998	617658	655375
361805	395599	425645	451561	479340	513928	541898	570869	591147	619188	655433
362784	395763	426723	451753	479640	514069	541959	571673	591257	620374	655735
362884	396530	427483	451970	479702	514686	542129	572101	591868	620914	656774
363909	397272	427894	452233	479867	514850	542246	572188	592015	620940	656840
363921	397845	427906	452345	480041	515212	543284	572534	592358	621472	657424
363922	398074	427914	452534	481327	515963	544807	572546	592858	621917	657857
366820	398148	428024	452954	481348	516672	545648	574267	593003	623144	658112
367132	398355	428135	454298	481576	516782	545683	574676	593340	623227	658532
367478	399298	428443	455750	481579	518100	545737	574719	594604	623881	661274
368059	401013	428718	455893	482173	518667	546603	574767	594642	624691	661742
369225	401162	429549	456023	483140	518894	546842	574943	595399	626202	661751
370259	401198	431128	456494	483567	519207	546851	575061	595963	626413	661853
371008	401246	431399	456846	484361	519464	547535	575618	596309	626503	662021
373187	403139	432149	457062	485241	520414	548002	575713	596505	627150	664595
374090	404420	433760	457761	486273	520561	548441	576788	597661	628812	664880
374127	404550	434016	457843	486431	520818	549328	578153	598273	631372	665115
375160	404610	434127	458738	488686	521403	551333	578756	598646	631631	665969
375300	404797	434280	458846	489335	521661	551457	579339	598762	631821	666535
376738	405141	434808	459413	489973	522074	552079	580586	598890	633149	666887
377336	405570	434976	460568	490449	522701	552159	581023	599906	633178	667185
377485	406300	434999	461902	491747	522979	552811	581542	601305	635520	668337
378360	406896	437040	462851	492044	523176	552836	581743	601411	636342	669945
379213	406940	437353	463127	492754	523612	552927	581965	603292	636515	670146
379464	407564	437364	463569	493515	523710	554947	582371	604725	639197	672483
380436	408289	438143	463609	494988	523739	555055	582460	605280	639349	673400
380452	409581	438245	464210	496970	523748	555228	583088	605443	640937	674099
381921	409726	439290	465152	497388	523930	555355	583353	605647	641812	674166
382282	410936	439495	465956	498479	524418	556528	583725	605710	641915	674256
382643	411418	439652	467394	498658	525220	557277	583975	605801	643131	675174
384476	411887	441212	467549	499289	525464	557306	584308	606479	643298	675533
384987	412857	441845	467873	502319	526098	558161	585513	606715	643325	676534
385202	412958	442707	468031	502631	526500	559047	585658	607470	643631	677332
385414	414838	442847	469014	502695	527592	559618	585919	607780	644061	677439
386022	415390	443222	470163	503629	528006	559802	586035	607802	644128	679347
386033	415598	444050	470370	503720	528119	560812	586273	607919	644218	681841
387416	415614	444153	470518	505343	529342	560847	586381	608070	644539	682582
387579	417485	444441	471375	505396	529853	560975	586853	608449	644688	682867
388397	417961	444659	472010	505529	529999	561009	587214	609561	645476	683842
388832	418652	445197	472059	506234	530030	563112	587350	609811	646183	684932
389231	418693	445654	472566	506293	530048	563516	587484	609891	646739	685447
389870	418743	447702	473071	507008	530714	563936	587524	610031	648201	685462
										
										
685797	720223	754526	774134	802734	830751	859730	888323	921342	949283	981080
686095	720561	754659	774610	802849	832396	859733	888416	921621	950013	981096
686538	720718	754741	774742	804144	832797	860258	889046	921750	950230	981108
686581	721681	754767	775334	806310	833656	860752	890311	921960	950926	981134
687089	722566	755382	776417	806313	835266	861698	890384	921973	951038	982301
688436	723335	755383	777850	806522	835291	862220	891120	922530	952246	982993
688519	723715	757073	778238	806959	835366	862495	891669	922575	953848	983454
690095	726112	757303	778692	807662	835562	862706	891771	922634	956144	984257
691089	729292	757894	779127	808259	835688	862815	892008	922654	956170	985125
691449	729313	758007	780078	809201	835970	863056	892697	924005	956305	986718
691571	729402	758192	781341	809938	836881	863185	892838	924915	956559	988032
691585	729892	758740	781393	811237	836918	865884	892848	926379	957507	988590
692314	731168	758934	781470	812350	837172	866070	893634	926627	958254	988729
692794	731297	759626	781558	812512	837438	866617	893984	927002	958263	989407
694029	731726	759824	782099	812642	837596	868015	894987	927101	958422	989617
694253	732100	760157	782593	812783	837662	868513	895462	927309	959138	989820
694725	732854	760496	783345	814127	838199	868646	896255	928597	959678	990339
696403	733209	760724	783955	814593	839068	868734	896603	929060	959816	990588
698076	733674	761650	783986	814689	839178	869032	897123	930513	959998	990777
698979	734532	761947	785026	815953	839378	869357	897391	930871	960016	991203
699442	734552	762363	785256	818414	839483	870099	897720	931235	960083	991644
699896	734900	762829	785770	818732	839853	870534	897905	931538	961045	991774
700012	736467	763021	786191	818884	841872	871090	899120	935868	961101	991998
700346	737263	763150	786342	819663	842644	871151	899773	936156	961631	992754
702044	740288	763346	786931	819763	842825	872697	900825	937096	963087	993025
704862	740649	763481	788629	820043	843912	873061	901677	937274	964391	993502
705293	740679	763528	788816	820861	844700	874186	901961	937328	964574	993958
705301	741693	763583	789837	821064	845197	874349	903233	938145	965578	993999
706414	743062	763637	790990	822114	845502	875338	903748	938898	966384	994244
707566	743339	763687	791199	823871	845674	875365	904116	939112	967162	994965
707841	743543	764592	791302	823963	846912	875743	904514	939269	968631	995378
709143	743799	764794	791643	824124	847509	875804	904891	939336	970077	995431
709972	744941	765085	792765	824314	848430	876244	906196	939567	970434	995874
712285	745205	765738	793254	824720	848979	876591	907172	939654	973236	996840
712907	745259	768661	794340	824736	849526	876965	907566	940190	973338	996876
713557	745329	768814	794405	824819	849595	878184	908897	940196	973805	996967
713717	745995	768893	794737	825092	850050	879063	909259	941189	974238	997238
713780	747000	769225	795103	826755	850213	880310	910440	941195	975016	997782
713782	747250	769584	795229	827197	850266	880546	910477	941230	975080	997862
713884	747630	770657	795355	827259	851271	880620	910498	941471	976116	997867
714425	747810	770658	797235	827362	851601	880683	910601	942020	976674	998031
715400	748116	771074	797519	829032	851695	880788	911369	943079	976919	999281
715729	748716	771408	798702	829160	851973	883652	912442	943256	977720	XXXXX
716172	749730	771840	798727	829306	852250	883913	913240	946410	977796	XXXXX
716553	750814	771981	798850	829706	853527	884011	914614	946499	977970	XXXXX
716796	751159	772137	799149	829747	854602	885637	915697	946811	978538	XXXXX
716820	751253	772308	799639	829860	854763	887507	915747	946954	979836	XXXXX
717060	751592	773591	800133	830009	855707	887787	918306	947754	980098	XXXXX
717692	752433	773828	800141	830010	857943	887919	918892	947886	980126	XXXXX
718316	752949	773847	801622	830176	857963	888029	919126	948008	980301	XXXXX
718882	754167	773882	802367	830719	858039	888199	919946	948673	981063	XXXXX
