                     DRAW OF Rs.1,500/- PRIZE BOND
                          HELD AT Muzaffarabad
Draw No.:  89th                                             
Series  : COMMON DRAW            			Date : 15/02/2022


--------------------------------------------------------------------------------------------
First Prize of Rs. 3,000,000/-

878598
--------------------------------------------------------------------------------------------
Second Prize of Rs.1,000,000/- Each

243545  457662 	 509633
--------------------------------------------------------------------------------------------
Third Prizes of Rs.18,500/- Each (1696 Prizes)

000470	028757	057673	086229	118687	151860	195002	227914	263602	303168	325929
000625	029191	058133	087716	119526	152898	195283	230516	264061	303348	326310
001202	029433	058279	088480	120304	154092	195371	230577	265451	303521	326871
001409	030942	058944	090041	121256	155890	195562	230989	265629	304105	328246
001432	031236	059104	090703	121582	156063	195630	231052	265909	304601	328608
001609	032029	059268	090915	124064	156187	195760	231529	266027	304788	329529
002364	032529	061774	091119	125516	156265	195917	231695	266624	304924	329951
002624	033032	061864	091271	126059	157493	196508	232025	266821	305302	330121
002925	033670	062006	091975	126526	160029	196909	233383	267050	305494	331121
002928	033715	062108	093606	127023	160565	198336	233552	267096	306463	331259
003063	034370	063781	094630	128349	162038	198793	233615	267136	306498	332723
003271	035039	063841	097104	128718	164879	199214	233800	267495	306861	332990
004268	035144	064452	097371	129400	165596	199544	233931	269479	307367	333013
004579	035215	064672	097668	129662	166641	200419	234432	269896	308039	333410
006399	035218	065175	097776	129968	169184	201490	236471	270111	308506	333810
007220	035369	066326	098535	130412	169405	201592	236488	270159	309785	334677
007304	035499	067154	098827	131975	171903	202141	236811	273789	310142	336222
007699	036087	068231	099037	132346	172575	203488	238240	274901	310266	336549
008955	036132	068363	099190	133110	172966	204850	238912	274984	310649	336840
009060	036557	068719	099712	133647	173296	204985	239332	275666	311613	337123
009077	037446	070226	100776	134203	173436	205927	239470	276258	312201	337272
009284	037604	070231	101438	134691	173509	206711	239962	276743	312368	338620
009739	038394	070321	102255	134776	173863	208414	240460	277368	312726	338934
009764	038521	070571	103597	134999	173885	208737	241040	279819	312778	339637
010027	039525	070724	104348	136159	174673	209148	241280	282707	313044	341004
011335	041528	070792	104434	136281	175118	209362	241974	282955	313076	341180
012059	041664	071392	104705	136724	175559	209767	242133	285306	313585	341703
012203	041869	072213	104861	136974	175912	210335	242925	285407	314021	341808
012304	042843	072955	105435	138480	176649	210428	243398	286118	314128	342041
012371	042942	074011	106458	138917	179121	211523	243481	286898	314130	342918
013739	043854	074289	106680	139049	179925	211654	244255	287510	314537	344206
015114	043865	074813	107565	141075	180183	212284	244503	288990	315114	344252
015118	044752	075285	107852	141357	181347	213431	244620	289612	315535	344488
016433	045663	077106	107912	142207	181386	214371	245162	290112	316494	344531
017943	047697	078614	108765	143268	182137	214536	245388	291368	317752	345778
018723	048911	079337	108947	143287	182953	214692	245820	292337	317974	345801
019680	049322	079811	110157	143294	183112	217179	246242	293667	318213	345944
020649	049329	080025	110214	144106	183337	218343	247099	294513	319897	347608
021591	050037	080135	110918	144150	183753	218376	248404	295069	320137	349195
021872	050405	080412	111518	144236	184082	219005	249243	295439	320506	350847
021922	050636	080726	113762	144404	184740	219321	250197	295453	321307	351004
022075	051379	081216	113851	144744	186542	221288	251888	295457	321886	351428
022319	051516	082102	115143	144942	186689	222452	252545	295745	322282	351954
022592	052902	082287	115695	145548	189293	222670	252550	295779	322923	352484
022801	053493	082304	115930	146825	189704	222761	252829	296623	323214	353081
024242	053908	082914	116063	146942	193122	223163	254686	297790	323748	354171
025025	054185	083466	116529	147001	193426	223204	254850	298992	324217	354909
025634	054336	083575	116765	147251	193758	223583	256694	299443	324571	355019
027001	055865	083625	117118	147852	194015	224156	258570	299704	324939	356414
027815	056048	084655	117165	148999	194394	226974	259903	300503	325690	357565
028281	056065	085969	117281	150927	194476	227157	262887	301791	325740	357754
028459	056413	086058	117779	151827	194483	227822	262932	302388	325845	357895



358246	387837	417906	450069	483274	513389	544414	576630	605144	630602	657031
360243	388306	418143	450329	486272	514617	544657	577026	605216	630893	657076
360505	389275	418146	450474	486315	514639	544729	578335	605385	630998	657300
360882	389394	418890	450585	486443	516046	544858	579085	606643	633650	657458
361532	389426	419168	451496	486668	516630	545007	579537	606992	634607	657568
361616	389673	420563	452114	486986	519763	545445	579540	607003	636168	657572
362173	390218	421554	452299	487746	520487	548816	579834	607243	636902	657902
362891	392541	424433	453277	488478	520864	549390	580549	608090	638481	659340
363076	393424	424851	454088	488706	521542	551225	580608	608211	638661	659630
364937	393856	425055	455342	488981	522673	552740	582772	608345	638751	660072
365278	394864	425534	455657	490024	522837	552916	583450	609086	639020	660311
365907	395079	426474	457484	490312	523455	553910	583897	609190	639101	660708
366466	395164	426486	458003	490627	523722	554948	584053	609350	639772	661735
368100	395555	429929	458045	490732	524021	555171	584308	609417	640891	662194
368701	396226	430004	459004	491501	524467	555769	584817	610420	642474	664047
368787	396386	430815	459334	492433	524817	556389	585050	611051	642743	664309
369152	396567	431444	459870	492835	524870	556781	585235	611437	643313	664590
369264	397428	431872	460031	493463	525083	558021	585427	611735	644062	664619
369721	398858	431907	460281	493819	526898	558735	586788	612300	644160	664754
370083	399938	431928	462173	494214	527243	558839	586993	612561	644241	666580
370598	400236	433000	462499	495134	528302	559492	587398	612581	644430	667558
370665	401324	433057	463644	495350	528357	560701	588349	612716	644487	667779
371659	402535	433151	465035	499053	528419	561062	588411	612734	645017	668945
372201	403346	433541	465055	499516	530457	561458	589725	613124	645036	669574
373261	403554	434527	465237	499588	531155	562641	591053	613247	645053	669820
373336	403865	434689	465379	499773	531425	563058	592267	614080	645640	670144
373401	404219	435012	465452	500439	531905	563477	592597	614151	646061	671621
373624	404304	435450	465563	501262	532007	564025	592692	614499	647733	671854
375693	404623	435841	467951	502831	532533	564318	593460	614596	647850	672032
375749	404652	435869	468398	503031	533092	564341	593844	617424	648089	672222
376535	405102	436829	468788	503274	533370	564769	595260	617572	648569	673308
378154	405456	437301	469821	503430	533397	565045	595752	617914	648640	673568
378617	405548	437344	469872	503477	533492	565255	595799	618477	648852	673799
379814	405759	437418	470283	503765	533667	565709	596738	619383	648918	674730
379930	406034	437699	470430	505618	533820	566093	597391	620220	649020	675896
379997	406628	437948	470502	507405	534281	567053	598011	621532	649048	676171
380138	407054	438620	470826	507458	534518	567613	598362	621848	649321	676377
380201	407377	438981	470960	507558	534967	567628	599898	622151	649939	677186
380461	407405	439142	471829	508753	536127	567912	600946	622829	650483	677324
380918	408332	440724	472600	509016	536158	568347	601170	623276	650594	677676
381032	410381	441599	473422	509110	536541	568383	601233	623462	650906	677887
381624	410441	442225	473564	510129	536724	568733	601995	624336	651396	678922
382140	411192	442686	475670	510259	536945	568830	602249	625750	652725	679070
382894	411634	443074	476053	510460	539331	569059	602290	625794	653034	680188
383624	412319	443116	477038	511214	540415	569965	602753	625960	653092	680822
384576	414396	443540	477382	511621	541168	572915	603187	627825	653329	681042
385059	414636	444593	477555	512520	541402	573145	604025	628602	653572	681817
385178	414781	444910	478852	512593	541715	573255	604093	629126	653872	682511
386505	415133	445079	480178	512617	541837	573691	604274	629545	654145	682570
386623	415384	445383	480565	512753	542258	574320	604326	630385	655372	683053
386644	417457	447732	481454	512812	542692	576060	604331	630428	656154	683071
387494	417819	449548	482909	513192	543068	576327	605120	630448	656574	683413



683829	709161	730943	761466	793416	823896	854661	880489	904018	936515	969755
684442	709968	731619	762301	793798	824122	856913	880786	904425	937969	970436
684654	711147	731698	762514	794294	824287	857174	881112	905847	938473	970859
684742	711341	732420	763267	794754	824936	857400	881681	908381	939099	971296
685013	712922	732447	764061	794843	825653	857474	882383	908774	939380	971520
686381	713189	732826	766196	795175	825859	857901	882506	908855	939783	971582
687145	713231	732835	766800	795897	826568	858755	882570	909017	941422	973340
687635	713680	733090	768621	797427	829295	859277	885527	909949	941588	973626
687869	714166	733226	769054	798227	829638	859290	886178	910916	941664	973692
687888	714784	733326	769254	798536	830836	859951	886390	911039	941968	973884
688124	715015	733471	770178	798839	831238	860457	887015	912176	942514	973924
688466	715782	733483	770190	798967	831318	860468	887063	913423	942817	973952
688662	716131	734416	770237	799743	831892	861113	887330	913958	942883	974060
689533	716254	734431	770528	801965	831994	861729	887505	914726	943297	974458
689961	717038	735329	770940	802877	832498	862127	887884	915539	943911	974852
690392	717535	736674	770987	802962	833481	863489	887909	916309	943927	975051
690724	717595	738951	772597	803827	833693	863521	887915	916808	944395	975166
693784	717838	739054	772803	805181	834048	863791	888006	917122	944585	975418
694206	718601	739415	772852	805560	834562	864493	888102	917305	945074	977108
696277	719044	739927	773016	805995	836010	864802	888103	917968	947071	977248
696652	719410	740750	773122	807020	836583	864894	888614	918339	947950	977436
697311	719544	740959	773616	807260	836911	865812	888647	918693	948749	979991
697720	720047	741189	775218	807354	837718	866089	888845	919211	948874	980186
698396	720186	742468	776154	807435	837957	866223	889483	919448	950880	980869
698401	720303	742472	777089	808365	838626	866984	889774	919985	951702	983018
698538	720459	743023	778693	809133	838896	867309	890547	920022	951748	984405
698673	720559	743201	778704	809234	839623	868713	890843	921075	951889	985461
698747	721413	743678	779452	809832	841186	868740	891657	921223	951901	986241
698917	721768	745450	780280	810235	841681	869193	892340	923696	951981	987443
700352	722350	745595	780409	810630	842084	871066	893072	924452	952364	987503
700763	722863	745966	781178	810804	842307	871262	893847	924600	954529	987605
701214	722999	745999	781568	810860	843242	871503	893930	926686	955079	989077
701554	723565	746630	781731	811154	843815	871857	893944	927107	956758	991631
701870	723648	747370	781859	811265	843846	872444	895360	927117	956823	992440
702108	723962	748413	781924	812497	844090	872544	895591	927178	958023	992466
702325	724037	748448	782121	812811	845622	874864	895692	928041	959005	993200
703005	724348	748702	782791	813321	846079	875536	895749	928220	961207	994081
703244	724612	749424	785288	813430	847863	875626	896573	928522	961974	994541
703678	725177	750955	785982	814389	848729	876008	896608	928852	962011	995096
704571	725457	752429	786094	815965	848943	876148	896658	929371	962046	995532
704583	725490	753720	786227	815977	849306	876280	897178	929714	962875	995758
704637	725621	754329	786456	816097	849750	876430	898525	930300	963821	996546
705169	725766	754755	787909	817296	850412	876545	899082	931719	964276	xxxxxx
705467	726610	754843	788059	818919	850607	877726	899747	932314	964981	xxxxxx
706168	727690	755892	788334	819756	850787	877891	900024	933106	965102	xxxxxx
706292	728520	756362	789235	819870	850977	878548	900474	933317	966137	xxxxxx
707308	728660	757219	789409	819892	851179	879053	900695	934394	966886	xxxxxx
707782	729100	758105	792023	821095	853091	879464	901181	934529	967758	xxxxxx
708840	729982	758138	792286	822114	853502	879610	901437	934722	968084	xxxxxx
709034	730057	758818	792979	822199	853541	879879	901726	934969	969284	xxxxxx
709053	730928	760404	793141	823779	854067	880214	901950	935059	969394	xxxxxx
