                     DRAW OF Rs.1,500/- PRIZE BOND
                          HELD AT FAISALABAD
Draw No.:  88th                                             
Series  : COMMON DRAW            			Date : 15/11/2021


--------------------------------------------------------------------------------------------
First Prize of Rs. 3,000,000/-

708623
--------------------------------------------------------------------------------------------
Second Prize of Rs.1,000,000/- Each

121234	251386 	 788311
--------------------------------------------------------------------------------------------
Third Prizes of Rs.18,500/- Each (1696 Prizes)

000177	028673	064908	098545	136045	165181	187475	216029	246497	275834	308233
000528	029704	065687	098801	137852	165628	187771	216540	246893	277633	308396
000887	029831	066569	098962	138143	165925	188767	216553	246943	279166	308442
001422	030115	066725	099057	138245	167290	189011	216621	247559	280951	308646
003264	030424	066789	099856	138790	167980	189075	216654	247803	281755	309303
003440	030428	067141	100992	140518	168074	189141	217502	248668	281877	309381
004200	030571	067231	101324	140732	169141	189261	217627	248968	282515	310074
004458	030671	067241	101508	141166	169444	189465	217641	249069	282794	310298
004564	030674	067294	101620	141380	169707	189519	217889	249570	283063	310323
004657	030911	068074	102211	141518	170326	189684	218019	251824	284026	311449
004771	031652	069217	104422	141933	171032	189805	218978	252059	285123	311919
004974	034780	069604	104517	142142	171071	189859	219128	252106	286004	312940
005429	036097	069822	104825	142648	171482	190334	220333	254172	286835	314749
006765	036152	069927	105551	142654	171866	190512	221354	254735	286951	315481
007361	036367	070189	105725	142996	171888	191104	222220	255126	287555	316254
009600	037446	071090	106115	143983	171948	192292	223256	255201	287871	316489
009731	037568	071096	106149	144144	172234	192348	223333	256129	288136	316714
010736	037604	073369	106471	144362	172242	192980	223334	256314	288595	317200
011890	037684	073842	108456	144412	172300	192987	223457	257372	289092	317352
012002	037916	074960	111366	144812	172826	194231	223464	257725	289632	317769
013245	038316	075241	111426	145948	173157	194235	224470	258384	291039	318215
014076	040256	076095	112484	145993	173429	194292	224624	258645	291892	320191
014222	042269	077027	113124	147159	174302	195006	224715	258792	292621	321434
014340	042568	078970	113496	149591	174679	197518	225453	258993	293130	321845
014803	043448	079304	114930	149800	174770	197796	226610	259215	293298	321902
014820	043551	079695	115554	150038	174797	198509	227382	259265	293913	322017
014866	043568	079964	115669	150792	174880	198797	227739	260660	293963	323255
014968	044101	080654	115746	152934	174924	198808	228102	261281	294000	323359
015200	046847	080884	117484	153488	175073	200551	228656	262868	294006	324375
015272	046967	081153	117502	154770	175139	201338	228740	262909	294019	324815
016118	047253	084252	117683	154777	175936	202179	229533	262976	294292	324940
018036	048208	084404	118095	154827	176277	202424	230484	263167	294339	325119
019010	048367	084990	123628	154867	177265	202558	230559	263381	294596	325737
019015	050277	085739	123788	154892	177366	203204	230584	263442	294842	326255
021258	050876	085801	124666	155174	177457	204819	230793	263705	297214	326593
021263	050890	085910	126916	155616	178013	205967	230992	263725	297654	327165
022554	051685	086950	127660	155862	179029	206389	231701	263729	298063	327772
022558	051711	087462	128778	155939	180174	206484	232306	263745	298093	328143
022578	053763	088633	130561	155985	181820	206559	233157	264061	300428	329415
022982	053806	089706	130739	156087	181886	206934	233678	264528	300580	329558
023555	054113	090206	130964	156624	182081	207889	236915	265475	301844	330475
023867	055405	090227	131615	156784	182111	208170	239993	266067	304343	330627
024240	056480	090500	131674	156989	182735	208550	240480	267350	304526	330752
025222	056857	090704	131690	157024	183771	209428	241268	267933	304972	330780
025322	058347	092440	132262	157079	184765	211130	241618	269722	305214	331345
025423	058936	094960	132290	157274	185320	211432	242156	270188	305502	331469
026107	060143	096345	132951	159766	185600	211678	242634	270313	306178	332517
027107	060673	096875	132953	160027	185930	212764	242654	270633	306664	333382
027407	061982	097563	133084	161303	186822	213100	242795	272438	306737	334007
027673	062005	097701	134029	162509	187112	213282	243372	274982	306773	334142
027979	062708	097725	134992	162724	187220	213392	243805	275432	307187	335015
028449	063798	098111	135895	163614	187231	215964	245688	275773	307934	335532


335558	357655	396482	419583	440250	479432	508790	540548	567379	595706	627131
335834	358734	396817	419835	440524	481789	510822	541508	567825	595802	630122
336402	358889	396822	420072	440641	482865	511880	543278	567851	598310	630287
336451	359615	397331	420174	441212	483029	511899	543367	568729	598674	631143
336615	363346	398388	420315	441319	483808	513079	543588	568999	600313	631718
336987	363798	398499	420544	442607	484024	513092	543611	569606	600341	632796
337214	363813	398917	420614	442988	485200	513394	543748	569725	600343	632836
337518	365349	399339	422454	443055	485857	514333	543964	569998	600609	633028
337724	365611	399731	422550	446094	486837	514412	544081	570967	601674	633120
338122	365659	402700	423439	446310	487269	514866	544313	572159	602220	633966
338438	367856	402963	423912	447214	487589	516798	544598	573327	603368	638207
338474	368025	404619	424348	447981	489235	518590	544922	573763	604346	638630
340236	368519	404730	425173	448284	490126	520280	545005	574187	604618	639025
340258	368655	405037	425200	448924	491050	520322	545277	574636	604967	639122
340334	368759	405335	425517	449215	491651	520986	545405	574793	605243	639167
340694	368978	405801	427281	449882	492048	521858	545620	576777	605350	639666
340851	370682	406177	428473	449973	492513	521897	546147	577657	605420	639717
340901	371476	406749	429288	451966	492905	521964	546472	577755	605562	640152
341890	371513	406890	429343	452126	493853	522212	550375	577853	606659	640822
342341	372239	407093	429615	452980	494579	523179	551251	578147	606940	642530
342433	377065	407513	429650	453029	496787	523588	552625	578864	606946	642979
343571	378441	407845	429951	453253	497349	523780	552960	579051	607166	643219
343671	378784	408331	430012	454643	498539	524208	553677	579360	607338	643251
343684	379039	408351	430064	454837	499053	524727	553959	579437	607497	643254
343855	379073	408455	430102	456470	499521	525020	554025	580304	607940	643409
344001	379450	408488	430114	457591	499905	525060	554218	580456	608097	643561
344086	380886	408595	430332	457726	500245	525153	554607	580838	610763	643888
347036	382339	409291	430586	458038	500260	525190	556028	580963	610784	644033
347061	384233	409606	430797	458281	501031	525419	556515	581927	612197	645281
348380	384730	409845	431223	458734	501390	525844	557052	583093	612897	646231
350404	385806	409914	431402	460212	501669	526473	558013	583937	613349	646591
351194	385915	409965	431633	460644	501923	526752	559349	584143	613731	647025
351228	386324	410012	431652	460713	502143	526915	559582	584149	614518	647604
351931	386330	410389	432446	462713	502555	527171	559803	585106	615305	648219
352093	387642	411011	432541	463654	502826	527697	560370	586070	615587	649173
352570	388515	411214	432543	463690	503040	528886	560398	586123	615750	649209
352846	389387	411700	432739	465639	503516	530122	560599	587145	616055	651090
352968	389756	411904	432974	468213	504322	530127	561180	587241	616307	652168
353485	389826	412771	434942	468739	504326	530846	561271	587888	616577	652463
354031	389897	412842	435307	469704	504328	530879	562583	588106	616697	652587
354245	390211	412846	435314	470994	504644	531504	562624	588948	617444	652861
354753	390273	413170	435385	471795	504875	532023	562865	589346	617604	653960
354949	390346	413268	436173	471958	505544	532942	564450	590520	617720	654086
354966	390491	413615	436779	472342	505653	533239	564558	590626	618378	654862
354990	390826	414473	437041	473312	505937	534540	564643	591825	619484	654879
355119	390921	415462	437452	473865	506094	535180	564725	591883	620434	655215
355234	391503	416471	437990	474406	506340	536145	564805	592412	620662	657090
355767	392136	416856	438575	474868	507023	536671	566154	592870	621893	658168
355923	392513	417184	438880	476062	507106	537402	566361	593401	622300	658440
356035	393165	418629	439150	476753	507161	539142	566457	593739	622431	658654
356171	393844	419283	439241	478374	508304	539980	566655	594706	623128	658963
356787	394911	419393	439545	479099	508378	540223	567220	595395	626738	659956


660801	685714	712155	737576	769515	807729	835336	868098	904930	934857	967791
661928	685860	712316	738210	769873	809522	835526	868111	906303	936627	968732
663329	686160	712530	738514	770450	810075	835642	869251	906767	937463	969606
663345	686209	712543	739732	772359	810215	835949	869487	907414	937480	970425
664447	686441	712892	740037	773298	810358	837173	870058	907559	939137	970844
664614	686805	712940	740071	774833	810722	837672	871201	908221	939573	971587
664878	687139	714562	740229	775655	811328	839290	871649	908304	939604	972262
665051	688883	714663	740967	776452	811543	840702	871929	908836	940768	973648
665780	688885	715311	741336	776936	811736	841517	872090	909407	941924	973960
666022	689307	715652	741677	778550	812167	841814	873387	909472	942664	975273
666182	689457	715726	742766	778883	812184	842543	873617	910062	942771	975591
666466	689940	715950	744954	780200	812188	845720	874587	910695	943219	977770
666644	690264	716678	745200	780933	812353	846967	875466	911243	943664	978589
666982	691061	716710	747978	780971	812774	848238	875774	911680	944340	978990
667044	691333	717360	748229	780999	812873	848343	875953	911840	944405	979485
667842	692084	717551	749179	781432	812947	848344	876671	911896	944607	979967
667982	692649	717970	749220	781726	813988	849160	877433	912642	945483	980367
668300	693540	718617	749497	782730	814368	849494	879437	912696	946091	980500
668901	693803	718631	749619	782968	815397	850190	879482	912722	947274	983023
668990	693863	718683	750063	783243	817472	850678	881580	913202	947562	983710
669524	694233	721468	750778	784371	818107	851323	883049	913390	948137	985939
670574	694639	722558	751201	785335	818226	852303	883055	914153	948537	987188
671127	694731	722653	752616	786644	818442	852690	883723	914317	949166	988997
671411	694874	724282	753944	786741	818650	853233	884610	916156	949392	989096
671710	697083	724790	754824	787054	819006	854727	885563	916173	951020	989997
671866	697369	724994	755027	788239	819384	854785	886115	916220	951172	991886
672432	697674	725113	755097	789055	819388	855022	886457	917586	951249	992033
672797	697734	725464	755980	789059	819509	855027	886948	919563	952161	992615
673045	698270	725607	756419	789699	820396	857401	887713	919629	952789	993500
673237	698584	726109	757088	789897	820886	857568	888900	919907	953184	993506
674513	698630	726577	757835	790241	823276	857871	889075	921406	953630	993638
675373	699416	728988	759128	792414	823922	858373	890478	922030	954960	994163
675378	699542	729318	761084	792665	824028	859409	891183	922648	955103	994327
675380	700415	729424	761246	794744	824522	859549	892413	922896	955245	994393
675483	700683	730158	761443	795452	825672	859726	893474	923873	955282	994651
678597	701078	730568	761779	797140	826535	859969	894319	924434	955372	994803
678599	702554	730571	763085	797422	826816	860787	894719	924644	955602	994862
679058	704316	731215	763729	799118	827664	861361	894862	926024	956732	994944
679076	705650	731596	763858	799415	827774	861515	895707	926145	956806	995170
679299	706058	731770	764182	800343	828630	861718	896375	926449	956934	995290
679480	707151	731826	764598	801040	828692	861914	896658	927541	957441	995358
680180	707532	732122	765031	801071	829622	862054	897694	927888	957554	996379
680438	707975	733050	765262	801973	831676	862920	898487	928554	958106	xxxxxx
680788	708174	733185	766462	804040	832422	863309	898792	929241	958405	xxxxxx
683071	708514	734236	766726	804739	833639	864092	901537	930884	962563	xxxxxx
683229	708765	735364	767349	804881	833724	865623	902384	931441	963336	xxxxxx
683798	710146	735447	767454	805223	833940	866706	902507	931594	963371	xxxxxx
684193	710344	736279	767952	805393	834429	867079	902601	933304	963394	xxxxxx
684673	710765	736571	768455	805548	834606	867233	903549	933784	964600	xxxxxx
684896	711067	736909	768646	807270	834888	867552	903846	934334	965329	xxxxxx
685681	712120	737001	769139	807614	834979	867793	904546	934755	965605	xxxxxx
