                     DRAW OF Rs.1,500/- PRIZE BOND
                          HELD AT FAISALABAD
Draw No.:  80th                                               
Series  : COMMON DRAW            			Date : 15/11/2019


--------------------------------------------------------------------------------------------
First Prize of Rs. 3,000,000/-

980575
--------------------------------------------------------------------------------------------
Second Prize of Rs.1,000,000/- Each

442481  754902	 776936
--------------------------------------------------------------------------------------------
Third Prizes of Rs.18,500/- Each (1696 Prizes)


000059	028452	062373	089413	119905	149876	177558	204990	241337	269049	304037
000519	029807	062624	090135	120990	151094	177649	206912	241591	269793	304374
000756	030167	063263	091306	121592	151379	178365	207618	241594	273077	304761
001238	032694	064813	091401	121742	151545	178612	209262	242129	273170	305732
001457	032698	065014	091747	122353	151593	178626	210240	242260	274139	305866
002029	033232	065023	093789	122922	153420	179969	210326	242706	274763	305978
004453	034629	065178	095658	123120	153984	180667	210905	243024	274768	306641
004486	034779	065189	095673	123945	154759	181118	211750	243140	274914	306987
004684	035334	065854	096004	123955	155533	181127	212766	243492	275501	309034
004930	036671	066123	096125	124089	156085	182595	213209	244010	276170	309796
004955	037123	066149	097409	124560	156771	182772	215658	244623	276800	311169
005094	037389	066263	097787	124837	157960	182901	216287	245722	277163	311231
005627	037457	067035	097939	125367	160121	184112	216426	245748	278340	311639
006942	037581	067064	098247	125738	161049	185469	216613	246148	279160	312682
007656	038256	067157	098556	125832	162108	186365	216916	246596	279170	312862
009175	040926	068415	099246	125907	162134	186584	217114	246649	279202	313094
010460	041054	068485	099247	126065	162726	187295	217282	247409	280483	313423
011584	041946	070446	099309	126161	163095	187363	218539	247591	281107	313830
012155	041980	070889	099517	126495	163287	187788	220099	248012	281148	314706
013915	043073	071528	100882	126663	163583	187810	220283	248116	281384	314994
014769	043347	071578	101657	126860	163728	188305	221086	248923	281580	315154
015863	043527	072878	102030	127511	164220	188424	221099	249178	282781	316295
015890	043716	072981	102162	127755	164301	188660	221379	249408	284170	316627
016086	044738	074075	102457	128567	164322	188695	222384	250225	284199	317719
016285	045740	074293	103732	128572	164633	188743	222757	251256	285335	317775
017259	046967	074557	103875	129162	165125	189308	223598	252158	286549	318875
017459	047885	075251	104328	130120	165814	190648	223657	253908	288441	319182
017602	048192	075296	104964	130339	166607	190833	223852	254993	289261	319941
018186	048445	075753	107025	131970	166820	190981	225436	256060	290600	320868
018258	048484	075755	108415	132951	167017	191065	225834	256143	290880	321055
019278	049069	076536	108575	134352	167415	191332	226226	256324	291826	321483
019463	049910	077287	108711	135058	167814	191784	229002	256812	291888	321783
019996	051065	078027	110483	135236	168148	191857	229048	257031	292276	321849
020135	051921	078167	110881	136395	169740	194955	230104	258732	292541	322180
020494	052135	078585	111000	136480	170295	195163	230127	259275	292797	322652
020607	052308	078970	111035	137632	170362	195787	230829	259545	293451	322920
020732	052872	079129	111179	138954	170866	197658	231130	260808	293788	323026
021337	054468	080031	111565	139244	171398	197678	232060	260826	293987	324484
021461	054500	081099	111661	141379	171623	198182	232083	261235	294578	324916
021785	054842	081845	111879	141716	171639	198544	233477	261336	295024	325188
022924	054896	081945	112818	143577	172261	198698	233487	261812	295137	326215
022985	055093	082089	113143	143945	172426	199651	234246	261821	295766	326425
022991	055117	083361	113676	144326	172984	199947	235009	263908	297563	327370
023314	055290	084208	113774	144842	173489	200319	239295	263916	297729	328689
023363	056482	084657	114349	144846	173582	202248	239562	264038	297949	328824
023692	058611	085103	114987	145243	173832	202563	239755	264382	298252	328836
024260	059529	085111	115451	145530	173889	202664	239947	264769	298718	329454
025936	059843	085286	116785	146813	174230	202698	240269	265651	298767	329676
025980	060294	085424	116997	147932	174494	203265	240409	266165	299421	331420
026035	061278	086499	117404	148467	174716	203900	240706	266588	299550	332279
026431	061438	087462	119281	148706	175696	204387	240836	267547	303084	333738
027928	062023	089040	119591	148966	177188	204609	241006	267828	303219	333996


334529	362516	393448	422363	454781	489494	521867	550476	590170	616390	644714
334756	363057	394124	422939	455230	489711	522477	550505	590223	616716	644992
334987	363091	394704	423118	455396	491684	522800	551779	590662	616969	645249
335249	365170	396351	424618	455531	492187	523102	552129	591487	617366	648087
336038	366605	397449	424728	456740	492762	523400	553817	591907	618905	648161
336738	367093	398069	425531	457884	492962	524049	554714	592397	619508	648956
338639	367317	399293	425816	458103	493836	524683	554862	592571	620472	649138
339140	368603	400059	426114	458242	497345	524967	555867	593170	620564	649859
340054	368916	400577	426420	458345	497374	525337	556150	593410	621046	650731
340078	368954	400836	427146	460394	498152	525422	556534	593532	621401	651081
340260	369091	401941	427326	460983	498193	525657	556541	594667	623475	651334
340882	369389	401994	429050	461581	498700	526543	557106	594701	623768	652045
340910	369544	402290	430196	461658	498733	526838	557189	594902	623837	652301
341137	370364	403186	431180	462124	498937	527008	558573	595288	624102	653559
341701	370542	403461	431886	462411	499993	527281	558660	595481	624146	655083
342217	370602	403645	433074	462986	500606	527284	559608	595648	624332	655737
342404	371832	403904	433910	464048	500617	528601	559619	595783	624782	655859
343495	371979	404389	434236	464537	501077	529249	560743	596304	624885	656736
344243	372319	404783	434479	467885	501721	530015	560766	597900	626097	656881
344908	372667	404938	434580	467900	501749	531483	560942	598030	627749	657189
345736	373329	405101	434581	468164	501905	532360	561328	598573	628555	658111
345804	373343	405270	434584	468188	504083	532605	562716	598673	629313	658674
346921	374002	406500	435169	468893	504238	532803	562812	598879	629677	658902
347672	375376	406796	435394	469382	505777	533278	563320	599271	629815	659131
348184	375408	406804	437477	470294	505839	534454	564114	599426	630515	659472
348782	376736	407039	437959	470442	506387	534764	565614	599484	630961	659898
348796	379105	407074	439040	470543	506609	536147	565754	599983	631264	660498
348830	379276	409359	442688	470966	507179	537170	567897	600452	632085	661051
349571	379489	410897	442999	472000	507464	537299	568620	600504	632158	661174
349577	379834	411858	444517	472151	507875	537943	569881	600666	632895	661962
349969	380468	412241	444929	474157	508082	539156	569935	601872	633292	662477
350452	381011	413766	445501	474430	509249	539427	570243	601991	633516	662981
350720	381464	415046	446160	475018	509473	539875	570423	602281	633854	664660
351739	382253	415830	446746	475096	509814	540706	571700	602788	634252	664674
352199	384973	415989	447278	475102	510531	541068	573740	603958	634373	664945
352466	385989	416200	448068	477397	511002	541384	573924	604974	634378	665613
352481	387595	416239	448442	478800	512491	541967	574679	605038	635036	665730
352547	387792	416292	448577	479877	512546	542483	577346	606495	635406	665964
352965	387844	416968	449228	479936	512919	542918	578354	608254	635743	666091
353983	388127	417189	449337	480021	513088	543871	578619	608579	636067	668633
355298	389168	417438	449418	480309	513221	544521	578745	610139	637429	668833
355923	390508	417496	449526	480375	513233	544677	580461	610480	638243	669205
356904	390867	417615	449591	480604	514593	544788	580507	611690	638331	670062
357703	391057	417657	450290	481491	515850	545643	580661	612201	638408	670299
358986	391075	417673	450399	482480	517158	545720	583990	612280	638519	671064
359828	391321	417834	450724	483405	517864	545868	585159	612591	640293	671433
359985	391387	418729	451583	483860	519206	546549	586130	613163	641208	671746
360043	391806	418853	452326	484633	519276	548612	586468	613234	642296	673552
360098	392006	419546	453390	485419	519552	548968	587642	613350	642632	674092
360741	392393	420236	453497	488124	519918	549469	588383	614889	642701	674921
360756	392831	421146	454409	488943	520099	549970	588715	615101	643558	675611
362058	393188	421834	454749	489383	520726	550366	589677	615441	643934	675960



676016	704427	731712	758982	798702	836567	862640	893132	928190	954791	976398
676894	704606	732025	759770	802519	837196	863592	893228	930163	954903	977013
678189	704748	732219	760094	802557	837229	864008	893642	931039	955347	979325
679645	705028	732731	761190	803507	838312	864042	893844	931485	955896	980590
680444	705719	732792	765383	803857	838607	864161	894608	932043	956319	981391
680581	705897	732959	767219	804195	841183	864593	894627	932176	956735	981843
681158	705899	733224	769226	806215	841586	865404	894697	932468	956907	982020
681678	705910	734398	769674	806622	841667	866876	895125	933435	956961	982993
683268	706899	734718	770540	806752	843868	867463	895344	933546	957055	983444
683652	707246	735199	770541	807698	844485	867819	895817	933582	957605	983498
683973	707526	735692	772355	808136	844814	867840	895831	933938	957787	983701
684634	707973	736266	773231	808477	845085	870573	896502	934029	960835	983981
684755	708943	736548	774989	808633	845664	871569	899999	935126	960889	984268
686023	709282	736887	775003	809796	845862	871627	900554	935799	960960	984388
687496	709394	737392	775595	809920	845863	872033	901974	936599	961178	984557
688126	709423	737504	778209	809999	845934	873075	902308	936642	961576	984803
688818	709532	737741	778926	810964	845963	873680	902434	936655	961703	985397
689018	709623	738397	779531	811452	846033	874136	903935	937027	962830	985697
689642	709974	738540	781459	813069	846378	874655	904355	937400	963208	987043
689801	711430	738919	781803	814622	847248	876068	905266	938577	963892	987071
690571	711585	739126	781876	814860	848186	876096	905315	938615	964213	987899
690634	711800	739656	783943	815898	849012	877477	905853	939362	965122	987928
690906	713934	739820	784770	816123	849366	877795	906463	939555	965370	988033
691598	715255	739863	784938	816260	849930	878242	906514	939574	965483	988761
691658	715633	740453	785811	816894	850085	878289	906823	939575	966583	989665
691752	716553	741188	786385	816943	850339	879775	907246	939870	966752	989681
691909	718020	741522	786406	817406	850366	880076	908302	940302	967534	990449
692091	719006	741620	786709	818735	850947	880346	908534	940397	967604	991727
692243	719306	741724	788181	818981	851043	881303	909412	941832	967645	992169
692379	719608	743401	788589	819010	851146	881577	909848	942063	967683	992388
692607	719684	744251	788861	819235	851560	881591	909988	942274	967702	993836
694163	720297	744922	790715	820446	851771	882352	910507	942658	968929	994044
694195	721314	745250	790943	822483	852918	882753	911984	943788	969172	994133
694318	721633	745637	791119	823407	853397	882995	912299	944613	969825	994211
694443	723500	748199	791145	825947	853470	883186	913689	946055	970409	994353
694488	723501	748344	791312	827508	854669	883238	915618	946204	970670	995037
694681	723508	749050	791726	827593	854702	883483	916411	946652	970883	996273
695036	723685	749070	791958	827999	855352	885432	917201	948188	970939	996755
695193	724031	751624	792006	828171	855874	885509	918807	948292	970941	998392
695420	724338	751836	792117	828663	856490	885734	919023	948754	971382	999218
695671	724952	751889	794354	829148	857049	886071	919660	948952	971383	999438
696374	725157	752799	794568	829250	857345	886179	919879	948956	972109	999598
697092	725366	752855	794569	829517	857789	886405	921287	949377	972358	xxxxxx
698951	726123	753200	795078	830205	858077	888891	921850	950148	972542	xxxxxx
699433	726274	753602	796301	830416	858226	888971	923071	950564	973399	xxxxxx
699473	726413	754434	796492	830778	858848	889524	923542	951129	973406	xxxxxx
699734	726675	755734	796946	831281	858883	890400	924232	952470	973639	xxxxxx
702791	728165	756329	797503	834040	860167	890521	925791	952621	974595	xxxxxx
702828	728281	756347	797802	834967	861000	890598	926592	953785	975182	xxxxxx
702844	731266	757623	798377	835469	861058	890740	926606	953855	975282	xxxxxx
704343	731411	757625	798603	836245	862414	890933	927593	954657	975779	xxxxxx
