                     DRAW OF Rs.1,500/- PRIZE BOND
                          HELD AT FAISALABAD
Draw No.:  96th
Series  : COMMON DRAW            			Date : 15/11/2023


--------------------------------------------------------------------------------------------
First Prize of Rs. 3,000,000/-

848635
--------------------------------------------------------------------------------------------
Second Prize of Rs.1,000,000/- Each

599195	685342  982975
--------------------------------------------------------------------------------------------
Third Prizes of Rs.18,500/- Each (1696 Prizes)


000920	035657	071719	102360	134175	158337	192383	218549	250826	286960	326018
001701	036526	074650	103224	134762	158897	192484	219326	252467	287702	326615
002223	037250	074929	103607	135213	160829	192801	219679	255517	287952	326747
002618	037720	075394	103665	137048	160949	193325	220386	255530	289296	327058
002871	038029	076001	104133	137701	162739	194688	220997	256010	289392	329842
002967	038525	076208	104321	138264	162855	194706	221303	256671	289502	329944
003237	039265	076261	104598	138274	164448	195580	222139	256780	289911	329951
004399	039603	076275	104784	138781	166495	195862	222383	256969	290852	330182
005407	042048	076397	105395	139074	166923	196137	222492	257300	291062	332371
006928	042312	076419	106055	139189	168527	196712	223761	257385	291387	332767
007028	042480	076617	106651	139246	168595	197300	225582	258521	291979	334493
008389	043275	076693	106968	139248	168679	197561	228019	259462	292356	334650
008900	043333	076870	107503	139305	169379	197570	228029	260184	292732	335038
009945	043359	076972	107814	139547	170198	197867	228432	260276	296802	335095
011241	043382	078442	108511	140026	170913	197868	229169	260452	302021	338392
012851	043619	078489	109208	140243	171077	198707	229353	261040	302778	338791
012975	043857	079351	109896	141428	171426	199122	229410	261745	303180	338950
014291	044467	079855	109992	141828	171612	200020	229544	261894	303199	339296
015379	045473	080592	109998	141908	172950	201152	229853	262342	304516	339447
015775	046219	080769	110643	142027	173031	201606	230016	262816	304745	339903
015961	046623	082797	110936	143129	173069	201638	230442	262880	305725	342424
016220	046870	082947	111874	143179	173282	202134	230581	263678	307945	342692
016775	048389	083012	112680	143620	173508	202363	233173	264199	308062	343352
016967	049214	085141	113284	143779	176535	204772	233661	264369	310159	343799
017138	049253	085803	113513	143849	176554	204945	233830	266090	310664	344184
017356	051142	086149	115567	144223	177010	205107	234726	266869	311655	344305
017970	051304	086289	116658	144448	177024	205186	234757	268588	312884	344339
019504	051611	087087	116738	144471	177221	205205	235148	268771	312887	344519
019568	051674	087126	117108	144971	177820	205275	236194	268922	314049	345197
019604	051750	089086	117398	145577	178568	205382	237266	271934	314076	345486
019754	053136	089395	118586	145675	178646	207269	237343	272008	314232	346087
020855	054157	089685	119773	146082	178977	208943	238879	272337	315261	346277
021909	055141	090136	120257	147208	179777	209885	239191	272991	315353	347535
022187	056403	090608	120441	147346	180349	210138	239453	273039	315481	347595
022307	057453	090792	120644	147556	180424	210562	240051	273115	315635	347779
022764	057672	091409	121771	147767	181318	210764	240602	274598	315725	348483
022968	057687	091962	122222	148445	181653	210994	240620	277289	315799	349625
023706	057721	092270	123073	149636	181946	211374	240735	278568	316792	350625
023868	058310	093451	124078	150229	182525	211389	241299	278607	317124	351076
024555	059315	094983	124976	150840	183334	211828	241824	279326	317306	351079
024848	060363	097132	126063	151288	183544	212250	242879	279708	317585	351225
025006	061109	097365	126648	151514	183731	213068	243482	281131	319431	351330
025491	062524	097623	127677	151999	184102	213197	244010	281555	319595	351436
026406	063180	097660	128474	152838	184401	213228	244608	282016	319880	351777
028244	063451	097733	128615	153770	185143	213339	245031	283669	319941	352844
028356	064579	098274	129348	154692	187375	214475	245402	283985	320935	352991
028483	065104	099704	132180	155109	187398	214670	245753	284189	322031	353918
028825	066629	100767	132746	155247	188245	215650	246380	284553	322767	353978
030169	066672	100934	133181	155309	188918	216287	247079	285797	323191	354071
035246	069203	101432	133279	156150	190251	217866	247908	285986	323433	354139
035341	070765	101795	133478	157099	190852	218034	249321	286197	323954	354608
035403	071674	102292	134092	157188	192080	218255	250295	286891	325931	354902
										
										
354919	390067	421861	452879	482060	512601	548559	580973	609255	634313	663558
356348	390298	421934	452880	482263	513211	549117	581647	610824	634934	664683
356817	390886	423056	453443	482664	514787	549118	581888	610964	635910	665674
357192	391586	423477	453722	482730	515545	552116	582047	611202	637820	666075
357592	394393	424779	453731	482842	515632	552683	583037	611232	637919	666863
358513	394567	426181	454043	483665	517850	553088	583136	611338	640767	667149
359031	396194	428240	454322	484069	518652	554118	583935	611875	640846	667658
362335	396836	428707	454451	484775	519231	554442	584004	612461	641330	668161
363065	396880	429919	454463	484951	519450	554951	585557	612630	641338	668209
363750	399598	430578	454893	487134	519458	555496	586187	613034	641648	668337
364748	400284	430625	456574	488078	520340	555575	586348	613275	641660	668451
366263	400417	431182	457022	488150	521604	555830	586854	613533	641717	668494
366883	400828	431373	457421	488365	521888	556065	587028	614811	642030	669127
366955	401817	431787	457976	488407	521917	558422	587342	615594	642424	669455
367677	402105	432012	458510	488669	522332	558502	587857	615816	643106	669619
368476	402356	433603	458667	488920	522892	558670	588313	615828	644072	671500
368593	403484	434225	458706	490992	523791	560281	588317	616640	645052	671541
369248	403780	434508	459197	491528	525485	560370	588994	616894	645255	671915
369294	403895	437095	459363	491634	525863	561024	590151	618046	645322	671926
369581	404443	437290	460863	493835	527708	561931	590722	618199	645350	672014
369784	405130	437389	462145	494394	528414	562130	591259	618983	645359	672569
370202	406624	437793	462215	495258	529254	562140	591262	619449	645675	673189
370252	408109	439007	463598	496558	529384	562350	592321	620201	646146	673215
370331	408406	439029	463761	496985	529517	563547	592516	620568	646210	673507
371267	408701	439999	463831	497167	530486	563628	592629	620950	647581	674097
372357	409416	440373	464185	497222	532606	564022	592732	621310	647981	674650
372450	409511	441318	464433	497322	533453	564180	592840	621408	648027	674657
373038	409835	441975	466348	497765	533938	565384	594553	621791	648705	675143
373359	410521	442331	466407	497899	534402	565893	594901	622326	649154	675569
373374	410848	442803	466879	498648	534501	566188	595827	622425	649482	675859
373461	411250	442978	468426	498997	534802	569417	596085	622921	649729	676278
373619	411453	445145	469062	499015	535240	569776	597260	623031	650953	677015
373670	411638	445720	469189	499293	535473	571895	597957	623112	651138	677021
373775	411774	446161	469727	499481	535572	571982	598220	623833	651408	680446
375116	411988	446301	470071	499702	535917	572982	598407	624196	651523	680666
376015	413215	446792	470732	500429	538039	573310	598990	624394	653330	680852
378354	413617	446814	471438	502316	539265	573523	599050	624586	653336	681364
379449	413910	447140	471607	503475	540639	574111	599060	624676	653812	682526
381434	414039	448428	472363	504450	541717	576819	600024	625929	654375	683513
382153	414549	448523	473325	505020	542872	578616	600321	626224	654549	684549
382536	414623	448736	474267	506474	542876	578617	601378	627735	654670	685212
383148	415530	450194	474677	507038	543381	578857	601891	628233	655422	685341
383198	415992	450198	476007	508118	543772	578915	604230	628525	655552	685920
383616	416482	450217	476787	508811	544039	579233	604303	628693	655689	686089
384650	416627	450374	477683	508890	544305	579249	604447	629876	656596	686713
384816	417132	450411	478324	509815	544482	579310	605126	630921	657314	687418
385528	418602	450491	478720	510035	544719	579326	605142	632157	658491	687691
386131	420181	450493	479401	510050	545497	579453	605772	632522	658515	687872
386132	420187	450827	480013	510697	545887	579549	605786	632878	659678	689705
386182	420700	450997	481455	511386	547297	579727	606613	633254	660298	689739
388632	421585	451379	481968	511861	547613	580159	607563	633646	661456	690791
389919	421635	452141	482047	512293	548482	580962	607721	633916	661458	691319
										
										
692579	718898	752468	777093	803941	838088	865487	904050	927815	948525	981760
692717	719449	752561	777392	804623	838225	866233	904155	928515	948749	982161
692946	719484	752736	777767	805186	838546	866251	904832	928580	949085	982188
693563	720774	753496	778096	806755	839058	868120	904942	928881	949393	982226
693802	721830	754520	778576	806974	840600	868291	906182	929412	949698	983071
694046	722007	755150	778858	807693	840934	868656	907003	929503	949796	983072
694136	722419	755341	779335	807725	841219	871724	907423	930327	950385	983300
694206	722870	755533	780178	808101	841374	873203	908081	930378	950391	983594
695020	723256	756446	780375	808739	841651	873614	908515	930524	950642	984259
695025	723291	756555	780838	808788	841988	874219	909099	931281	951500	984302
696113	723542	756584	780879	809397	842367	874569	909840	931902	952165	984389
696147	723600	756966	781210	811628	844155	874708	909927	933453	952918	985173
696784	723829	757177	781359	811655	844215	875457	910450	933468	953772	985575
697269	724034	757377	781654	814623	844935	876513	911131	933750	954386	985699
698205	724083	758551	781694	814756	845322	877425	911657	936101	955008	986763
698310	726318	760036	782138	815211	846655	878102	911873	937093	955118	986816
699665	726376	760082	782171	815523	846808	880383	912487	937704	956043	987420
699977	726625	760321	782786	816255	846868	880790	914283	938453	957043	987582
701016	726818	760810	783148	817429	847189	880932	914285	938885	957831	987813
702147	727200	761883	783241	817555	848423	881126	914677	939107	958260	988320
702436	727245	762353	784859	818958	849395	881388	915705	939158	958357	988827
702504	729373	763683	785014	819151	850416	881934	916184	939343	958691	991139
703055	730002	763809	786080	819320	850722	882081	917184	939673	959572	991382
703122	731013	763934	786133	819468	850800	883108	917534	939757	961611	991934
703845	731525	764889	786792	820183	850889	883131	917617	939875	962111	992235
703930	731774	765025	787509	820798	851266	883674	918124	940364	962901	992457
705774	732183	765783	787933	822760	851313	884183	918575	940634	963724	993199
705781	734457	767280	789818	823956	851782	885083	919624	940664	968012	993738
706087	734816	768500	790220	824042	852899	886092	920271	941218	968046	993806
706330	735112	768789	790421	824454	853470	890532	920605	941485	968342	993991
706730	735593	768814	790507	825602	853752	891754	920822	942030	968376	994452
706741	736555	768842	790695	825693	854189	893221	920866	942181	968612	995102
707785	737377	769430	791780	826764	854607	893525	921231	942419	968866	995104
708378	739102	769432	791800	827351	856820	893801	921503	942421	969309	995675
710242	739513	769483	791883	828212	856923	894194	921710	942424	970312	995714
710478	740670	769815	792683	829060	857218	894716	922089	942767	972152	996088
711450	742701	770184	796228	829853	857322	895543	922326	944029	972965	997105
711736	744439	770250	796597	830192	857522	896116	922887	944037	974721	997578
712899	744632	770911	796730	830296	857988	896550	922907	944685	974873	997600
712988	745215	771287	796938	830471	858058	896734	923000	945011	974946	997968
713148	745334	771447	797758	830973	858238	899346	923657	945877	975176	998765
713745	745556	772023	797863	831597	859547	899356	923703	946578	975648	999171
713932	745776	773104	798584	831907	859830	900252	923725	946686	976991	xxxxxx
714430	746702	773325	799064	832196	860226	900382	924442	947427	978498	xxxxxx
714771	746723	773394	799081	832721	860353	900839	924903	947693	978532	xxxxxx
715145	747098	774739	799722	832826	860865	901141	925681	947726	979062	xxxxxx
716594	748409	774929	800934	833464	862023	901219	926648	947844	979203	xxxxxx
717045	749068	775444	801817	834891	863810	901501	927206	947926	979542	xxxxxx
717206	749450	776091	802121	835371	864686	901967	927355	947966	979619	xxxxxx
718518	750631	776240	802359	837136	864814	902085	927556	948022	979899	xxxxxx
718853	750668	776654	802528	837706	864825	902751	927679	948320	981427	xxxxxx
