                     DRAW OF Rs.1,500/- PRIZE BOND
                          HELD AT KARACHI
Draw No.:  92nd
Series  : COMMON DRAW            			Date : 15/11/2022


--------------------------------------------------------------------------------------------
First Prize of Rs. 3,000,000/-

623273
--------------------------------------------------------------------------------------------
Second Prize of Rs.1,000,000/- Each

246157	460477  543959
--------------------------------------------------------------------------------------------
Third Prizes of Rs.18,500/- Each (1696 Prizes)


000952	026216	053233	082909	113088	144918	179142	209341	242064	267798	296444	
001098	026279	053490	082917	113452	145003	179183	209793	242595	269514	296528	
001114	026490	054549	084200	115089	146497	179429	211093	244489	269825	296985	
001294	026540	054797	085320	115962	149478	179737	213744	245286	269998	297697	
001299	027369	055051	085850	116209	149886	179759	214467	246045	270004	297752	
001451	027435	056418	086207	116354	150769	179855	214722	246165	270150	298307	
002081	027537	057487	087220	116827	150796	179963	215428	246387	271352	298544	
002106	028374	059139	088711	117294	151292	180171	215770	246816	272246	298688	
002883	028460	060313	088806	117332	151547	180648	216409	247632	273606	298719	
003088	029162	060750	088952	118971	151761	180698	216576	247665	274021	299406	
003128	029490	061501	089217	119192	152737	180765	216993	247852	274606	299463	
003592	030018	061751	089341	119318	153565	181432	217257	248750	274714	300271	
003820	031432	064846	089909	122442	154203	181546	217470	248870	275964	300639	
004867	031547	065236	090408	122810	155479	183095	217551	249303	277755	301798	
004938	032136	066364	090950	122902	155658	183691	218452	249397	277835	301951	
005460	032341	066396	091761	122988	155871	185493	218825	251691	278488	301960	
005645	032705	067009	092149	123396	156097	185627	218870	251899	279113	302537	
005741	033272	068620	093040	123841	156555	186257	219370	252559	279120	303519	
005752	033674	069079	093977	124318	156722	186489	221609	252646	279390	303565	
006039	033779	070845	095206	124445	157186	186969	223911	254238	279727	303570	
006176	034131	071242	095631	124476	157563	187147	224177	254274	280483	304306	
006297	034413	071524	095811	125223	158050	187732	224599	254428	280613	305566	
008241	034816	072040	096608	125536	158532	188654	224651	254442	281958	305785	
008541	036175	072071	097250	126388	159502	189251	226068	254547	282036	307682	
008904	037210	072105	097617	127626	159559	191833	226126	255115	282683	308065	
009722	037619	072426	098208	128260	161192	191850	227324	256443	283915	308147	
010026	037913	072622	099148	129916	161959	193321	227837	257309	284099	309098	
010888	038009	073474	099242	130129	162080	193997	228445	258259	284327	309978	
011448	038249	073768	099541	130298	163230	195023	229635	258341	285369	310208	
012245	039081	074346	099790	130454	163880	195234	229651	258864	285488	311305	
015331	039323	075103	100135	130674	164516	195295	230171	260935	286047	311600	
015353	039593	075108	100147	131416	164856	195320	230574	260972	286472	311835	
015419	039920	075130	101100	131811	165130	196138	230624	261465	287988	311910	
015747	041157	075910	101611	132042	165758	196508	230865	261876	288777	312583	
015892	041707	076940	102109	132869	165898	196736	230910	261900	288960	314589	
016673	042394	077123	103374	133285	166592	197274	231567	261956	289222	315339	
016919	042701	078120	104422	134319	167175	198101	231728	262230	289624	315909	
017313	042821	078400	104442	134613	169371	198264	232852	262656	289901	316707	
018197	043362	078774	104692	135060	169532	199272	232912	262840	290154	317013	
019900	043491	078834	104817	135511	170396	199326	233259	263642	290386	317888	
019919	043700	078980	105806	136339	170752	200257	234749	264281	291424	318166	
020444	043916	079186	106823	138293	171279	200780	235123	264333	291694	318545	
020850	045433	079651	107446	138811	171566	201332	235503	264858	291836	319171	
021531	047308	080223	109560	139428	173361	201520	236867	265224	292041	319505	
021650	048280	080677	110134	140467	173602	202160	236894	265602	292287	319916	
021719	048720	081277	111108	141151	174361	204092	237069	265604	292817	320133	
021941	050182	082096	111888	142139	177348	204717	237929	265964	292948	320372	
021980	051173	082454	112027	143582	177726	206187	239275	267005	295127	320968	
022626	051524	082472	112481	143870	177887	206810	239393	267303	295243	321157	
023997	053087	082767	112673	144341	178795	208364	240986	267527	296147	322478	
											
											
322816	347065	377150	407107	438763	471731	498826	525563	564569	595711	622302	
322916	347978	377377	407355	439877	471825	498921	525953	564634	596298	623829	
325040	349535	377802	408222	440192	471847	499305	526519	565111	596598	624838	
325172	349551	377959	408486	440905	472993	499319	526609	565949	596976	625045	
325270	350175	381751	408663	441453	473538	500500	527348	566197	597072	626818	
325276	352036	382465	410189	441525	473557	501020	527507	566233	597147	629190	
325543	354167	383414	410746	441813	474278	501795	527852	567174	597189	629299	
326145	355004	383981	410817	443174	474386	501809	528150	568771	597889	631264	
326229	355109	384635	414011	443527	474427	501810	528367	569110	598148	631273	
326247	355753	384964	414045	443977	474558	502543	528466	569140	598238	631300	
326410	356234	385373	414465	445229	474741	503202	529019	569285	598794	631327	
326954	356260	386314	414648	445900	475920	504421	530205	569975	598855	631448	
327487	356650	386323	415251	445997	476117	504465	530291	570297	599543	631510	
327575	356900	386357	417399	447018	477075	505826	530318	570373	601122	631867	
327649	357009	387559	417554	447566	478228	506315	531069	570456	601196	632140	
328132	357883	388075	418097	447915	479561	507219	531734	570526	601315	632166	
328681	358238	388861	418509	449231	479870	507330	532091	570703	601786	632477	
328811	358283	388951	418644	449702	479876	508087	533943	571187	601998	633074	
329119	358343	389844	419078	450266	480752	508175	534502	571532	602065	633853	
329813	358374	392870	421112	450930	482268	508239	534831	571693	602072	634430	
330274	358382	392977	421140	451182	482543	508470	534935	571778	602698	635261	
330349	358863	393588	422446	451281	482786	508514	535817	572111	602999	635435	
331138	359240	393611	422884	451332	484189	508644	536387	572740	603598	637191	
331437	359621	394247	423257	451431	484496	508939	536903	572772	604016	637297	
331905	360033	395284	424804	451711	485817	509090	537188	573487	606030	637421	
332600	360079	395364	425397	452513	486259	509176	537668	574542	606370	638003	
333515	360956	395776	425776	454376	486917	509774	538593	574593	606870	638353	
333968	361026	395989	427307	454913	487551	510165	538761	574619	607304	639884	
334125	361234	396329	427797	457005	487625	511110	539624	575504	607888	640252	
335191	361642	397766	429140	457364	487760	511334	540878	576029	608252	640287	
335484	362019	397881	429581	457450	488068	512231	541541	576243	608496	640600	
336332	363186	397972	429665	460327	488220	512442	542829	576347	608975	641027	
336515	363866	398108	429893	462960	488522	512701	542867	576915	609400	641218	
337264	364404	399365	430380	463521	488675	513977	543162	578089	610154	641534	
338123	364518	400086	430790	463596	489173	515057	543604	578185	612557	643422	
339408	365829	400151	430822	464334	489662	516657	543986	579277	612697	643547	
339599	366877	400224	431204	464401	489770	517184	545080	580434	613409	643845	
339874	367362	400665	431571	464440	490204	517232	545190	580525	613749	644394	
339875	368997	400675	431809	464783	490990	517886	545733	580647	614023	644558	
340315	369923	401260	433285	466526	492410	518367	549566	582397	614167	644904	
341011	371066	401682	434835	466687	492803	519008	550044	583500	615027	645690	
341015	371077	402335	436210	467103	492999	519410	550430	584334	615071	646192	
342984	371366	402744	436288	467926	493151	520095	553117	585318	615079	646737	
343119	372134	403259	436512	468051	493494	520808	558179	585807	615197	648013	
343629	372273	403667	436942	468207	494615	521485	558272	585920	615728	648602	
343667	374097	403894	437454	468560	494724	522737	561546	586486	616533	649020	
344675	374448	404419	437523	468654	495051	523673	562318	586953	617666	650481	
344799	375744	405134	437616	469160	496125	524418	562546	589960	618167	650651	
344904	376113	405259	437967	469334	496268	524571	563085	592319	620051	650746	
346646	376508	405278	438048	471028	496436	525029	564523	594805	620073	650945	
											
											
651055	680482	703663	727339	755294	782270	825217	851799	880557	909623	937925	967669
651331	680514	704323	728839	755888	782695	825411	852173	880835	910044	939144	967718
651814	681020	704802	729452	755889	783433	825608	852477	880882	910119	939685	968068
653585	681857	705562	729767	757047	784635	827322	853073	883653	910630	940469	968224
655227	681951	706016	730333	757324	785177	827688	853171	884826	911448	940927	970720
655838	682089	706274	731592	757898	785583	828466	853803	885167	911578	941006	970815
656132	682621	706758	732427	758140	785849	828745	856566	885259	911678	941522	972424
656255	682648	707642	732711	758753	788492	829504	856792	886559	912172	941641	973353
656334	683405	708142	733175	759350	789530	830275	857367	887346	912679	942172	973593
656533	683549	708609	733924	759420	789624	830680	857579	887687	913223	942782	973759
656777	684498	709415	734785	760299	789877	832053	858365	887947	914225	943066	974223
657018	684836	709513	736173	760527	790330	832888	858487	887977	915225	943183	974248
657082	685079	709862	737119	760802	790388	834155	859338	888100	916122	944715	975607
657219	685128	710437	737480	761494	790748	834846	859371	889194	916801	945042	976116
657238	685236	710590	737852	761886	791276	835747	859698	889217	917192	945311	976221
657785	685575	711370	737892	762425	793047	836285	859992	890250	918782	945778	978385
660086	686047	711556	738416	762562	793484	837266	860892	891267	918859	945888	979204
661619	687283	712663	738453	762669	794977	838125	862968	892081	919104	946302	979398
662126	687418	714315	739412	763773	795373	839744	863921	893362	919190	947322	980344
662968	687460	715292	739759	763981	797277	839748	864424	894283	919553	947349	981285
663155	687793	715637	741095	764123	797519	841281	866070	894349	919767	950569	983987
663986	688320	715853	741329	764374	797610	841604	866079	894684	920630	951735	984004
665065	688395	716203	741595	764603	798210	841805	866302	894971	920837	953838	984012
665927	689647	716586	741762	765587	799500	841816	868226	895938	921457	953840	985441
666545	689682	716655	742838	765749	800537	841936	869740	896311	922557	954153	987825
666565	690755	716714	744668	765784	800934	842703	869799	896373	923220	954880	988474
667226	691092	717508	745541	766332	801652	842733	870049	898862	923300	955506	989227
667696	691458	718203	746095	767708	801869	844155	870370	901026	924111	956019	989228
668721	691958	720742	746138	768824	802830	844313	870435	901030	924920	956122	989328
668763	692344	720827	746208	768945	802948	844613	870535	901225	925182	956218	990046
668860	692371	721181	746234	769482	803635	846031	870751	901857	925222	956229	990286
668920	692373	721465	746298	770630	803701	846703	870786	902242	928070	956235	991753
669404	693029	721622	746458	770957	804382	846946	871164	902894	928109	957958	991997
669695	693091	722048	746548	771168	804589	847021	871259	903292	928816	958432	993527
669969	693175	722112	746819	771400	805473	847108	871514	903414	929264	958610	993970
670447	693413	722414	747306	773419	807632	847133	871791	903428	930542	958815	994340
671706	694371	723127	748264	773438	808021	847543	872200	903552	930835	958922	994631
672027	694448	723238	749173	774242	810034	847818	872416	903718	931475	959265	995735
672244	696467	723393	749222	774966	810057	848106	872771	904238	931628	960700	995846
672550	696620	724598	749281	776240	810162	848139	873390	904946	931672	960902	996192
673817	696640	724609	749440	776617	811539	849530	875063	905000	931802	961583	996543
674808	696739	724717	749686	777158	816770	849756	875513	905259	932254	961926	998282
675127	697896	724875	749729	777571	818146	850355	875609	905320	934407	962566	998339
676578	698601	725162	751381	778438	818567	850708	877555	905443	934440	963052	998709
677210	699096	726056	752161	779766	818742	850839	878752	905975	934941	964574	999234
678541	699941	726069	752750	779846	818886	850860	878904	906049	934954	965968	999237
678994	701182	726126	752791	780693	819172	851032	879073	907709	936971	966811	XXXXXX
679329	701575	726334	752934	781077	822005	851033	879402	908144	937434	967115	XXXXXX
679503	703028	726497	752970	781152	824655	851209	880224	909465	937656	967177	XXXXXX
679723	703662	727283	753386	781187	824800	851356	880366	909530	937731	967188	XXXXXX
