                     DRAW OF Rs.1,500/- PRIZE BOND
                          HELD AT RAWALPINDI
Draw No.:  90th                                             
Series  : COMMON DRAW            			Date : 16/05/2022


--------------------------------------------------------------------------------------------
First Prize of Rs. 3,000,000/-
928756
--------------------------------------------------------------------------------------------
Second Prize of Rs.1,000,000/- Each

068381   673933  924554
--------------------------------------------------------------------------------------------
Third Prizes of Rs.18,500/- Each (1696 Prizes)

001459	032637	060228	094219	127066	153671	182361	211670	254593	281269	314173
001817	032745	062124	096179	127762	154201	182650	212929	254631	281351	314866
002289	033992	062328	096866	128719	154784	183521	212968	254933	281596	315643
003008	034253	063299	097428	129070	155527	183642	213322	255365	281793	316037
003350	034638	063541	097823	129632	156042	183832	213765	255944	282263	316225
005009	034766	064062	097897	130451	156409	184007	214530	256026	282265	317534
005551	035113	064326	098158	130882	156737	184124	214865	257360	282333	318048
005584	035284	064487	098471	131510	157562	184175	214960	257585	282880	318065
007033	035453	064782	098489	132075	157960	185163	217016	257820	284205	318179
007499	035504	064891	100240	132479	158805	185662	217787	258241	284431	318907
008062	035618	065824	101160	132912	160965	185708	220617	258662	285607	319790
008150	035733	066192	101423	133295	161148	187705	220985	260200	286406	320298
008589	035914	066225	101588	133551	161303	188510	222750	260206	286533	321061
008639	037728	068136	101700	134215	161307	188892	223247	260715	287676	321131
010076	037733	068950	101803	134394	161601	188998	224466	260821	288698	321984
010139	037751	069569	102563	134818	161983	189663	226289	261236	288964	322526
010992	038218	069621	102698	135351	162326	189808	226413	261509	289502	323396
012974	038427	069883	103645	135496	162539	190051	226679	262583	290830	324348
013561	039109	071200	104621	136651	163094	190240	229146	262700	290888	324354
014217	041179	072008	105152	136940	163206	190307	229817	263061	291692	325902
015178	041231	072046	105587	137031	163343	190354	229835	264574	292059	326809
015469	042281	072347	106053	137703	165818	191023	230287	265547	292784	327157
015534	043115	072723	108319	137856	166673	191440	231301	265595	292820	327830
016214	043138	073072	108393	137902	166849	191634	231376	265674	294419	327929
017289	043412	073318	108492	138188	168470	192300	232357	267068	294629	328436
017439	044332	073763	108662	139044	168644	193274	232509	267168	296302	329089
018723	044348	074768	108957	140074	170333	196387	233887	267203	297761	329267
019652	045240	075942	109817	141184	170546	198629	234076	268246	297952	330512
020539	046362	076475	109924	141471	170767	198960	234078	268461	297960	331014
021623	047660	076679	109949	141637	170878	199245	234289	268822	298340	331538
022458	048872	077730	110679	141894	171358	201689	235312	270270	298650	331817
023157	049088	079122	112534	141963	173358	201724	235346	270346	300624	332722
023330	049406	081246	113536	141979	173858	201819	235477	270423	301145	333289
023447	050444	081589	114253	142031	174464	201898	236354	270514	303075	333636
024753	051152	081741	116588	142345	174650	202260	236879	270533	305373	333806
024817	051323	082502	116777	142931	174854	203021	237620	270607	305525	333840
025107	052392	083217	116832	143961	175824	203847	240139	271556	305705	333890
025609	053659	083399	117681	144546	175991	203948	241827	272853	306644	334017
026432	053934	083467	117934	144557	176334	205061	242293	274152	306650	334182
026531	055051	083510	118492	144733	176766	205227	244637	274419	307478	335167
027400	055310	084162	118576	144898	177322	205241	244869	275017	307687	335182
027938	055628	084737	120130	145076	177518	206009	245487	275854	308910	335220
028211	056559	085099	120372	145465	178034	206169	246259	276864	309380	336004
029231	056916	085920	120796	146456	179190	207247	246525	277182	309688	336297
029323	057090	087502	120882	147555	179433	207589	248331	277272	310456	336896
029357	057636	087869	122019	148368	180394	207878	248355	277335	311222	337075
030079	058225	088238	122790	150432	180480	208555	249574	277874	312350	337133
030617	058450	090189	123472	151139	180783	209087	249682	279180	312421	337241
030665	059068	090414	123616	152109	181205	209832	253883	279344	312572	338080
030842	059273	092108	124123	152333	181323	211194	254029	279547	312712	338187
031962	059905	092199	126733	152928	182012	211391	254253	280019	313275	338854
032322	060214	093625	127053	152956	182092	211501	254457	280764	313731	338990


339315	371890	405644	433277	471835	500505	529101	559859	590280	620009	647176
339823	372185	405981	433366	472870	501062	529129	561166	590380	620277	649406
340438	372305	406335	434974	472962	503049	529511	561172	590428	620528	650181
340804	373292	408772	435348	473241	503482	529970	561174	591044	621364	650642
341647	374576	409115	435644	473766	503783	530962	561271	591130	621517	651479
344308	375059	409825	435824	474030	504987	531873	561612	592935	622542	654227
344694	375848	410534	436517	474090	505567	532019	562108	592948	622571	654513
344723	376079	410784	436808	474814	505716	532746	562487	593575	623518	654768
344727	376272	410907	437622	474960	507137	533176	562889	594871	624192	655250
344743	376935	411014	438340	474980	507617	533883	563204	595106	625156	655808
344790	377317	411312	438392	475217	509005	534254	565945	595493	625317	656323
344930	378003	411869	438854	475322	509106	534273	566918	596059	625462	656465
345871	379268	415060	439925	475653	509659	535034	567732	596676	625748	656784
345997	380858	415383	441346	475990	509755	535641	568383	596965	625767	657335
346046	381453	415995	441869	476201	510210	536168	569596	597229	626948	658459
347704	381990	417201	442486	476370	510244	537987	569901	597445	627565	658906
348421	382556	417427	442767	476931	511047	538348	570257	597722	627865	659119
348994	383636	417792	443545	477102	512152	538597	571176	600178	627908	660575
350168	383939	419043	444449	480087	512305	539775	573320	601419	628033	661508
350303	385069	419074	445002	480628	512439	540433	573783	601655	628466	662351
350388	385271	419535	445061	481222	512761	540787	573875	602193	628473	663001
350953	387225	419938	445804	481838	513156	541194	574920	602936	628625	664452
351340	387249	420349	448657	482306	513157	541234	575532	603382	628762	664501
351990	388067	420893	448949	484000	513435	541753	575612	605362	630239	664626
354305	388270	420990	451771	484338	514534	542678	576122	605462	630516	664967
354735	390016	421320	451978	484939	515022	543047	576198	605914	631528	666242
355015	392385	422090	455269	485324	515267	543362	576958	605937	631648	668663
355044	392516	422473	455486	486883	515696	544150	577170	606109	631659	668741
355477	392774	422903	455506	486934	516615	544255	577799	606288	632071	669219
355521	392967	423125	456552	489185	517021	544708	577939	606946	632474	670759
355543	394045	423509	456972	489987	517099	544903	578137	608288	633087	671023
355860	394629	423628	458042	490117	517303	544932	578187	608544	634879	671316
357249	394736	423869	459329	490734	518554	545172	578346	609144	635252	671540
357692	394822	424013	459672	491922	519114	545410	578557	609459	635527	671761
361688	395245	424333	459718	492046	519340	546420	578612	609919	635883	671854
362167	395519	424438	460229	492213	519788	546441	580836	610632	637218	673813
362176	395801	424761	460300	492379	520164	547868	581044	611509	637516	674253
363256	396910	424884	460574	493186	520373	548396	582142	612072	637861	674933
363700	399369	425019	462431	493916	521332	548655	583275	612464	638044	677134
364537	400297	425906	462691	494797	521347	549135	583577	613329	638191	678852
365040	400466	426216	464083	495119	522129	549615	584325	614567	638508	679150
365048	400616	426617	464103	496327	522285	549640	584611	615644	638715	679207
367423	401657	426968	464390	496935	522310	549805	585289	616413	640659	679272
367940	401691	426973	464440	497325	523453	552054	587985	616670	641065	680462
369226	401848	428323	464541	497876	524271	552803	588265	617281	641197	680508
369435	402614	428688	466017	498573	525965	552889	588306	617851	641386	681066
370046	402616	429437	466561	498732	526187	553229	588428	618255	641551	681190
370856	402867	430676	469061	498741	526966	553278	589001	618534	642096	681757
370996	403083	430819	469400	499724	527339	554378	589187	618563	645885	681930
371025	403335	431346	469432	499784	527788	554486	589511	618613	645948	682455
371179	404197	432032	471335	499903	528134	554977	589670	618646	646058	682492
371237	404629	432893	471761	500489	528206	558234	590143	619978	646908	682763


683107	716859	744063	771627	805542	828608	851201	884592	907457	937633	968663
683205	717624	744187	772317	805696	829286	851597	886651	908426	938146	968931
683865	717727	745047	773185	805801	829336	853552	886810	908791	938502	969760
683913	717868	745468	773562	805940	829803	853854	887067	908917	939355	972214
684082	718828	746445	773584	806285	830025	854837	888065	909005	939612	972273
685753	719356	746883	774182	806416	830759	855425	888676	909140	939850	974253
686445	719662	747335	774200	806603	831278	855522	889205	909394	940358	974318
686592	719842	748226	775465	807116	831456	856421	889378	909457	941139	974488
687252	721018	748658	775799	807155	831760	857366	890291	910713	941696	974761
687796	721622	749165	775985	807408	831816	857552	890565	911102	942190	975108
688168	722496	749289	776513	807544	831939	857846	890647	911256	943247	977101
689872	723097	749367	776819	807578	832458	859030	890650	912005	943836	977930
690377	723402	749774	777534	808801	832577	859306	890681	912229	944503	979434
691228	723822	749828	777550	809586	832877	861042	891203	913148	944508	979953
691432	724567	751089	777720	811633	832938	861171	891245	913180	945274	981269
691625	724859	751481	779617	811902	833154	861335	891705	914173	946152	982152
692096	725830	751632	779737	812230	834810	862090	891775	914217	946367	983530
692097	726314	751777	781078	813036	835252	863988	892290	915599	946756	983630
692171	726495	751808	783700	813267	835515	865535	892505	916247	947580	983657
693024	726645	751935	786020	813625	836700	865596	892700	916439	947706	984678
693151	726670	752275	786376	813748	838926	866719	892952	918650	949466	986202
695186	726751	752692	786934	814499	839814	867069	893898	918660	949611	986366
695681	726768	753271	787588	814809	839996	867385	894035	919534	949811	987447
696253	726895	754791	787676	815792	840265	867574	894205	920247	950165	988209
696364	726944	754811	788169	817301	840533	868031	894277	920575	951792	988235
696833	727232	755183	788480	817352	840802	868489	894345	920618	951831	988468
697112	728334	756783	788924	818269	840971	868630	894810	921217	952493	991747
697567	729492	757579	789868	818529	841396	868672	894859	921354	953269	992216
698146	731357	758595	790329	818625	841965	870830	894879	921404	954042	992829
698649	731987	761128	790917	818870	842012	871305	894922	921459	954862	992919
698886	732282	762505	791484	819382	842060	872375	895045	921490	956068	993466
700331	732490	762695	793098	819502	842092	872721	895472	923512	956967	993607
701597	733091	762858	793307	819533	842589	872953	895509	924217	957027	993927
703084	733479	763182	794558	819546	842831	873317	895768	924714	957123	994086
703098	734394	763733	794826	819656	842874	874254	896026	925032	957877	995206
703393	735048	763741	795065	821205	843318	874268	897461	926045	957921	996513
703530	735288	763838	795801	821779	843350	874754	898344	926134	959434	996645
704234	736111	764372	795862	821781	844143	875269	898931	926167	960524	996669
705294	737597	764533	796173	821905	844782	876294	899165	926540	960546	996677
706262	738002	765541	797055	822396	844976	876393	899470	926705	960610	997640
707623	739455	765572	797816	822461	845426	876771	899949	926862	962274	998468
710267	739487	766488	799034	822891	846049	876971	901942	928294	962538	998819
710933	739559	766540	799145	822969	846484	877702	902454	929033	963640	XXXXXX
711572	739730	767020	799838	824007	846820	878188	903607	929490	964067	XXXXXX
712837	739854	767382	799852	824891	847109	878326	903647	931067	964202	XXXXXX
713496	740256	768107	800750	825770	847356	880161	904308	932218	964240	XXXXXX
714051	742053	768290	800836	825842	847661	882447	905285	932542	965717	XXXXXX
714672	742582	768797	801026	827747	850280	882553	906438	933975	965820	XXXXXX
714928	743641	769925	801033	827782	850806	883037	906786	935967	967742	XXXXXX
715087	743746	770272	805396	828384	851044	883112	907286	936787	967895	XXXXXX
715395	743997	771435	805424	828495	851092	883339	907388	937516	968360	XXXXXX

