                     DRAW OF Rs.1,500/- PRIZE BOND
                               HELD AT PESHAWAR
Draw No.:  79th                                               
Series  : COMMON DRAW            			Date : 16/08/2019


--------------------------------------------------------------------------------------------
First Prize of Rs. 3,000,000/-

438068
--------------------------------------------------------------------------------------------
Second Prize of Rs.1,000,000/- Each

085468  519591	 855920
--------------------------------------------------------------------------------------------
Third Prizes of Rs.18,500/- Each (1696 Prizes)


000012	030636	065674	099251	130446	154343	187179	220386	251759	281194	309037
001018	031225	066630	100436	130532	157566	188292	220439	253079	282135	310076
001266	031988	067308	101524	130789	157701	188687	220519	254372	282531	310448
002046	032693	068161	102016	131280	157786	189980	222182	254681	283047	310470
002117	033029	068568	102389	131983	157915	190096	222366	256090	283454	310728
003048	033427	068674	102412	132616	159019	190655	223067	256374	283498	311938
003251	034062	068758	103931	132930	159032	190928	223413	256375	285000	312004
003544	036254	069060	104588	133450	159749	191020	225282	256402	285726	312177
003778	036358	069623	105471	133458	160655	191146	225870	256499	286092	312670
003828	036382	069719	105964	133895	160857	191437	226278	257981	286355	313226
004484	037535	070327	106521	134708	161675	191749	226486	258212	286519	313665
007662	037831	070430	106807	135589	161921	191944	227202	258266	287179	314341
009521	038354	072397	107749	136616	162408	192484	229684	258291	287871	316920
009591	038925	074473	108243	136755	162713	192741	230151	258849	287879	317189
010189	039231	076625	108274	137129	163656	194237	230472	259068	288033	318536
010225	039887	076713	108293	138265	163776	194273	231128	259293	288303	318554
010876	040033	076867	108355	138794	164340	194592	232049	259972	288931	318575
011022	040604	078613	108930	138889	165709	195204	232280	260189	289281	318710
011473	042667	079957	109570	139101	166189	197010	232445	260404	290818	319134
012954	044130	080324	111288	139806	166448	197133	232930	260444	290847	319543
013419	045595	080732	111366	140806	166948	197785	233013	260981	290995	319977
013422	047699	081118	112481	141217	167781	197923	233404	261277	291658	320403
014052	047861	081151	112748	141759	168121	198192	233736	262709	292216	320785
014706	047962	081185	113281	142170	168386	200002	235558	264363	292252	321295
015451	048378	081844	113706	142960	168806	200490	235959	264368	292359	321996
015727	048488	082070	115033	143183	170480	200787	236218	264518	292808	323004
015921	048615	082233	115326	143457	170878	201107	236677	265084	292906	323538
016192	048672	083596	117749	143475	171304	201174	237377	266255	293808	323803
017317	049007	084238	117979	143647	172617	201883	238504	266407	294248	324454
017936	049394	086982	118031	144227	173257	202300	239952	266790	295507	324650
019241	052937	087027	118590	144366	174246	202888	240858	266975	296417	324820
019305	053611	087461	119188	144604	174443	203070	241249	267443	296692	325857
020416	053802	087486	119432	144868	174931	203290	241855	268183	298335	326077
020600	055191	088428	119672	145234	175941	204217	242101	269730	298369	326143
021379	055514	088948	121026	145594	176138	204467	242695	270169	298578	326315
022190	056793	089192	121446	146339	177122	205193	242932	270466	299294	327289
022544	057967	089508	122292	146344	177353	205195	243004	270756	299433	327307
023521	058419	089741	122722	147565	177419	207284	244380	271448	299519	327626
024237	058563	090439	122797	147711	177654	209917	244749	271854	299686	328154
024547	058931	090636	122892	147890	177936	210009	245547	273810	299754	328972
024699	059067	091137	123334	147899	179231	211022	245817	273891	300787	329465
024785	059725	091257	123397	148161	179781	212977	245864	274427	301385	329830
025810	060066	092560	123467	148893	180618	213327	246665	274872	302491	330447
026400	061333	092623	123636	148917	181655	214007	247062	275293	304213	330448
026852	061624	093474	124933	149399	181779	214675	247562	276751	304366	330609
028170	062202	094531	126850	150825	183240	214711	248322	277253	305094	330935
028461	063013	094533	128171	152470	183621	215062	249194	277405	305406	332505
028513	063320	095333	128181	152821	184209	215600	249847	277664	305505	333703
028825	064037	095390	128734	153326	185087	216242	250082	278230	305913	334760
028954	064895	095445	129002	153380	185299	218530	250330	278446	305942	334892
029557	065081	098221	129173	153960	186902	219346	251436	279138	307545	334940
030573	065102	098842	129796	154234	187111	219682	251515	280995	308767	336648


336919	358346	392284	426449	453805	482443	509004	539454	575478	607309	636507
337258	358776	393004	427097	453823	482619	510422	539571	575976	607475	637217
337796	358885	393063	427145	454560	482655	510656	539611	578275	607610	637289
337893	359008	393862	427164	455316	482918	511221	539887	578424	607751	638601
338615	360679	395353	427963	456219	483582	512450	540038	578512	607766	639306
338937	360856	395763	428539	456977	485171	512904	540445	579709	611366	639601
339216	361077	395772	428730	457346	485359	514391	542134	582179	612212	639741
340224	361597	396628	430518	457640	485591	516181	542546	583077	612740	639871
341221	362329	396694	430703	457688	486200	516506	543524	583274	612859	640096
341494	363874	397314	431907	458346	487443	516550	543809	584071	612925	640176
341713	364817	397741	432848	458979	487910	516731	544270	584789	612952	641084
341927	365111	398888	433169	460062	488140	517130	545126	584943	613035	641139
342002	365738	401233	433467	461305	488197	518844	546044	587873	613650	641433
343432	366155	401488	434075	462784	488626	519632	546371	588041	614044	642209
343537	367142	402384	435599	463409	489196	519637	546878	588550	615999	642495
343605	367694	402864	435902	464019	490681	521108	547468	589305	616212	642617
343620	367816	404188	436578	464243	490782	521557	547767	589703	617049	642654
343872	368120	404348	436833	464445	490946	524028	548386	590095	617755	643126
344815	368243	404606	437232	465235	490984	524328	548752	591025	618115	644317
344837	368959	404847	437467	465544	491338	524654	550763	592086	619759	644382
345197	369910	404941	438737	466287	491553	525030	550887	593169	620736	644771
345900	370705	405415	438956	466973	491893	525561	551248	593848	620862	645033
346292	370753	407818	440783	467270	491904	526709	551757	594037	621677	646529
347938	371109	408858	441946	467429	493912	526850	552501	594556	621878	646908
348803	372167	408973	442060	468051	494097	526923	553227	594673	622188	647138
349852	372595	409315	442540	468413	496060	527138	554144	595527	622508	647504
351223	373107	409482	442801	468979	496302	527670	555074	596181	622867	647538
351758	374090	410730	442941	469951	496342	528229	555472	596922	623086	647718
351982	374903	410904	443055	471390	496894	530000	558346	596943	623092	647965
351987	375097	411009	443107	472366	498575	530117	558709	597076	623228	648134
352373	375320	411195	445671	472968	499037	530460	559431	597401	624086	648286
352509	376051	411319	446027	473120	499126	530578	561009	597443	624553	649010
352878	377035	412006	446275	473211	499444	531361	561204	597721	624763	649961
353029	378832	413591	446449	474899	500041	531429	563084	598257	625170	650041
353555	378833	413595	447502	475247	500831	531546	563508	598744	626314	650220
353651	379309	414533	447512	475281	501141	532242	564323	600651	627465	650470
354020	379406	414665	448616	475702	501825	532340	565285	600946	627852	652920
354101	379977	415217	448684	475797	501876	532356	565387	601204	627989	653537
354211	381468	415792	448845	476550	502471	532813	566637	601431	628173	654052
354245	383377	415796	449794	476868	503616	533649	566703	602204	628194	654126
354288	383735	416942	449934	477023	503791	534064	566762	602483	629615	654564
354598	383887	417521	450129	477131	503953	535030	569026	602635	629643	655853
355213	384088	417648	450512	478811	504217	535534	569102	602937	630192	656019
355516	384812	417839	450949	479231	504494	535543	569428	603213	630234	656244
355681	385088	418230	451191	479639	505127	535786	569721	603625	630593	657093
355782	386628	419648	451601	480268	505277	536193	569783	604535	631050	657113
356196	386913	419730	451612	480285	506309	536757	569829	604784	631573	657263
356228	387822	423308	452566	480601	507568	537073	571293	605004	631768	658023
357664	388462	423636	452569	481249	508132	537793	572655	605650	632412	661363
357671	389703	424151	453197	481524	508135	538012	572879	606522	632457	661483
357688	390647	425147	453207	481551	508361	538943	573192	606526	632865	661943
358217	390997	425366	453317	482075	508752	539207	575468	607305	633898	663697


663761	701606	737141	771823	802900	832437	857315	889909	914868	942369	974563
663804	701646	737690	772050	804354	833949	863380	890444	915115	942439	974693
664215	702220	737954	772127	804382	834105	865044	890630	915492	942704	975492
665989	703064	738252	772258	805091	834360	865083	891088	915641	943482	976623
666647	704081	739898	772588	805894	834687	865718	891999	915760	945089	978102
667234	704217	741118	773429	806234	834933	866332	892215	916351	945388	978416
668252	704540	742190	774801	806370	835377	867522	892500	916595	945537	978569
670383	705053	743532	775004	807106	835572	868151	894203	917052	945749	978851
671682	706133	746419	775672	807524	835797	869423	894358	917590	946291	979389
671874	706535	747638	775736	807562	836589	870161	894685	918182	946981	980543
672281	706696	748300	779347	808635	836665	871425	896267	918945	947474	980756
673226	707630	748357	779450	808964	837052	872381	896479	919362	947529	981150
673500	708979	748501	779615	809408	837416	872925	896601	920264	950288	982288
676437	709472	749525	779745	810239	837852	874093	896602	921063	950666	984673
677776	709482	749863	779887	810647	838838	874257	896818	921496	951209	985573
677902	710405	750503	780839	811083	839243	874646	897641	921898	952521	985642
678021	711670	751074	781188	813798	840530	875181	898254	922896	952985	985813
678552	712926	751250	781769	813915	840968	875478	898973	925268	953532	985882
678781	714002	751282	782473	814073	841197	875607	899263	925857	953953	987251
679473	714465	751711	782974	814109	843870	877952	899427	926437	954060	987487
679529	714563	751715	783910	814174	844127	878701	900200	927233	955028	987577
679619	715253	753965	784696	814257	844139	878971	900681	927754	955171	988019
680331	717032	754838	785601	814755	844298	879304	900847	927966	955200	988499
680870	717913	755797	785948	815145	844481	879311	900961	928172	955801	990878
682663	718209	756842	787447	815177	844793	879393	900966	928725	956206	990978
685118	718469	757211	787885	815192	844907	879752	901433	929511	957130	991351
685125	718565	758166	788489	815587	845024	879883	902207	929644	957562	992610
685196	720823	759248	789299	816116	846041	879892	902223	929779	957925	993205
685342	721536	759302	790442	816995	846668	880178	902938	930552	958592	993649
685397	721926	760408	790630	817667	846862	880659	903023	931579	960261	993669
685415	722288	760432	791811	818134	847429	881061	903896	932445	963365	993675
686034	722307	760438	792517	819112	847483	881300	903960	932651	963887	994427
686983	722954	760611	792972	819380	847862	881655	904226	933180	964851	994693
687671	723052	760792	793117	819878	848158	881671	904424	933702	964999	995089
688170	723542	761089	794849	820026	848173	881855	904694	934952	965085	995284
689319	724277	761414	795228	820740	849699	882912	905093	934977	965619	996414
689738	726162	761758	795938	822722	851570	882968	905182	935066	969044	996523
690252	726586	762821	796021	822808	851634	883262	905727	935492	969054	996645
690761	727597	763305	796062	822960	851731	883326	906128	935616	969266	997348
690840	727777	763540	796082	823132	851760	883431	907747	936192	970306	997719
691154	727988	763593	797097	823543	852835	883471	907785	936268	970460	998690
691903	729288	764920	797829	823854	853281	883838	908021	936722	971619	999313
691917	729587	765999	798313	823922	853888	884411	908836	936960	972145	******
692055	729661	767446	799122	824262	854554	884437	909777	937096	972162	******
693596	730038	768125	799347	826609	854557	885190	910233	937561	972440	******
693923	730127	768348	800161	826638	855463	885710	910289	938816	973106	******
694445	730442	768353	800455	827551	855821	886789	912939	938843	973159	******
694799	730738	769202	801281	828044	855915	888660	913333	938933	973228	******
695830	733750	769966	801549	828200	855947	889443	913615	939645	973975	******
698124	736196	770706	802208	831049	856849	889576	913702	939779	974037	******
698467	736282	771713	802838	831646	856866	889736	914391	941798	974153	******
