                     DRAW OF Rs.1,500/- PRIZE BOND
                          HELD AT QUETTA
Draw No.:  84th                                             
Series  : COMMON DRAW            			Date : 16/11/2020


--------------------------------------------------------------------------------------------
First Prize of Rs. 3,000,000/-
458090
--------------------------------------------------------------------------------------------
Second Prize of Rs.1,000,000/- Each

021076     389925   909271
--------------------------------------------------------------------------------------------
Third Prizes of Rs.18,500/- Each (1696 Prizes)

000588	035405	065676	089699	111849	144449	172950	197989	222741	258711	290119
002237	035445	065701	090995	112279	144648	173194	199019	222759	259323	290493
002730	035680	066006	091844	113540	145308	173681	199741	224077	259928	290792
005093	036487	066251	092019	113956	146283	174106	200613	224945	260095	290921
005580	036531	067405	092044	114062	146531	174961	200793	226244	260443	291073
006834	036540	067437	092176	114322	146683	175013	201065	228878	260510	291373
007196	037330	067898	092264	114858	147518	175541	201428	230532	260589	292018
007551	037758	068420	092410	114887	148349	176237	201783	231063	263083	292351
008491	037846	069646	092675	115826	148605	176288	203122	231952	263460	293193
009332	039430	069773	092804	118084	149605	176882	203463	232028	263583	294485
010393	039473	070572	092900	120153	150819	177014	203890	232238	263833	295041
010444	039590	071160	093437	120840	150823	177198	204038	234102	264805	295316
010460	039973	072143	093500	121099	152332	177677	204123	234348	265359	295703
010505	040642	072598	093602	121939	153146	178846	204139	234554	265382	295857
010777	041544	073706	093629	122177	153774	179210	204675	234860	266397	296342
011772	041752	076049	094092	122664	154035	179248	205593	235407	266527	296753
013511	041762	076112	094148	122861	155460	179616	207752	235461	266563	296843
014452	042529	076831	094636	122983	156287	179833	207850	235571	267758	297334
015162	043059	077132	094767	123072	156359	179852	208163	235758	267911	297602
015179	043499	077227	095723	124118	157467	181163	208320	236294	268477	298510
016214	044284	077819	096810	125477	157820	181513	208504	236699	268634	298531
016382	044323	079327	096861	125821	157900	181823	209016	237313	268694	298841
016461	044734	079592	096866	126023	158433	181931	209191	237768	269795	298870
017237	044804	079980	096986	126078	158728	183051	209897	238570	271112	299163
017941	045237	080152	097865	126187	159473	183643	210524	238890	271598	299740
018008	045301	080570	098011	127098	159991	183743	212364	239977	273451	299894
018303	045313	080748	098675	127328	160347	184069	212577	240473	273525	299932
018739	045498	081529	098867	127718	161773	184126	213397	240756	273824	300063
018771	046794	081823	100092	129548	161855	184194	213796	243457	273946	300310
019566	046979	082420	100338	130347	162323	184890	214166	244601	274013	300594
019573	047771	083839	100542	130352	163101	185581	214866	244912	275067	301694
020274	048110	083892	101258	130369	163294	185963	214925	245552	275607	301697
021246	048147	084204	101985	130440	163723	186447	215407	245793	276632	302050
022875	048406	084375	103297	130706	164057	187713	215473	245875	277377	302285
023364	049595	084965	103377	130794	164886	188847	215582	245996	277566	302356
026278	050017	084977	104551	130903	166937	189263	215662	246478	277983	303249
026317	050562	085154	104558	131186	167026	189278	217378	246661	278052	303553
026471	051587	085199	105149	131372	167339	189300	217893	246841	278372	303599
026736	052251	085302	105353	131746	168492	190406	217946	246968	279292	304519
027442	053004	085500	105618	133893	168620	190546	218611	247375	279362	304610
028107	053043	085669	105786	134110	168824	190874	219268	247707	279663	305217
028681	053082	085974	105924	134397	168901	191711	220241	248003	280248	305267
028787	054396	086186	106338	136414	169205	193181	220398	248024	280730	305948
029915	055268	086541	106354	137386	169593	194160	221061	249837	280756	306211
032241	056104	086878	108036	137888	170207	194368	221401	251341	281453	306408
032511	058358	087501	109155	138037	170232	194636	221626	252928	282851	307147
032929	058475	088017	110036	140271	170858	194823	221685	253470	283902	307223
033262	058770	088352	110078	141014	171006	194872	222099	254079	284161	307709
033855	060463	088733	110137	141305	171477	196284	222202	254939	284754	307812
034496	060537	089277	110328	141852	171636	196519	222507	255464	286035	308523
035059	060981	089525	110451	142514	172126	197291	222508	256561	286913	309420
035115	065178	089590	111029	143981	172353	197717	222547	258677	289685	309814


310578	342081	373129	401381	425748	455256	493377	526275	551045	581649	607096
311405	342644	373148	401553	425790	456023	494977	527116	553453	581835	607390
312188	342716	373408	401563	426262	456392	495601	529080	553494	581885	607787
313407	343087	374711	401591	427025	456559	495799	529151	553665	582546	608032
313787	343391	375172	402533	427320	456901	495970	529369	553695	582876	608771
314029	343700	376581	402775	427421	458578	496083	530342	554356	583007	610027
315688	343784	376610	403392	429361	461112	496690	530604	554654	584217	610625
317668	345305	376947	404289	430253	461263	496831	530956	555791	584407	611829
318233	346183	377764	404360	430363	462216	496987	531089	556458	585466	612166
318480	346917	379712	405059	430421	462230	497383	531595	556713	585521	612375
318969	347273	379812	405867	431594	464576	497652	532367	557083	586447	613009
319178	347364	380324	406060	431878	464632	497706	532674	557478	586499	613824
319512	347484	380826	406091	432069	464782	498559	532742	557872	586506	614446
319606	348272	381008	406234	432130	466553	498961	533103	558386	586553	614534
320612	348335	382392	406556	433497	466885	499369	533403	558813	587129	614784
321042	350335	382492	407084	436520	466962	502094	535040	559777	587257	615218
323677	352305	382549	407784	436818	467294	503562	536162	560173	587514	615526
324042	352989	382662	407884	438143	468171	504912	536219	560319	587577	615776
324626	354395	382692	407917	439257	471051	505660	536996	561857	587674	616136
324861	356941	384015	408252	439793	472464	507677	537350	561912	588753	618262
325211	357940	385096	408572	440555	472604	507799	537352	562375	589076	618397
325331	359331	386679	409519	441030	472950	507891	537584	562604	589283	618679
325558	359915	387286	410262	441112	475863	508094	537620	563835	589517	619021
327113	360706	387497	410569	441263	477016	508228	537684	563885	590555	620508
327195	362711	387756	410899	441401	478758	508729	538170	564154	591019	620625
327790	362782	387840	411744	441465	479039	509543	539290	564458	592781	622282
328084	363992	388969	412050	441746	479220	509563	539540	564500	593501	622284
328680	364642	389105	412275	442764	479884	510255	539654	564565	594138	622342
329093	364973	389165	412570	443729	480633	510456	539931	564829	594180	623163
329243	365033	389190	413503	445218	480718	511978	541844	565113	594271	623522
330378	365567	389529	414175	445694	481235	512571	541966	565141	595595	623605
331309	366610	390708	414295	446037	481306	512682	542039	565734	595803	624824
332335	366765	391636	415096	446570	482417	512967	542076	566082	596047	625629
332462	367066	393196	415834	447047	484147	515388	542289	567474	596082	625914
332968	367356	393383	416490	447765	484930	515884	542313	567705	596119	626025
333099	367466	393690	417879	447964	485049	515935	542711	567738	596555	627273
333818	368027	394080	417959	448394	485390	516016	543832	568856	596991	627299
335448	368491	394219	418258	448523	486147	516312	544480	569041	597711	627507
337089	369602	394673	418592	449094	486476	516664	544979	569384	598937	628966
337173	369628	395476	418960	449401	486913	517012	545408	569583	598985	629168
338005	370046	396552	419085	450379	487397	517082	546353	572268	599683	630537
338283	370463	396924	419193	450494	488523	517763	546816	572958	602127	630962
338384	370484	396965	420253	451004	488621	517853	546881	573421	602879	631082
338392	370521	397186	421018	451299	489607	517964	547272	575599	602997	631878
338958	370523	397849	422306	451917	490265	519165	547433	575955	603675	631950
339122	370683	399095	424083	452660	490871	519257	547591	576709	604769	631955
340141	370689	399503	424105	452921	491423	521218	547956	576862	605035	632395
340494	370957	399895	424300	453517	491509	521503	548416	577351	605294	633813
341110	371416	399995	424581	453757	491544	521603	548783	578474	605374	633954
341837	371652	400173	425019	453854	491624	525590	549361	578837	606381	634818
342026	371813	400449	425041	453861	491874	525773	550217	580085	606651	636481
342039	372049	400675	425205	455035	492294	526175	550928	580917	606954	637095


637241	670780	712883	743736	777394	815881	850650	884296	916960	952690	980043
637437	673034	715867	745454	778545	815934	851323	884589	917791	952999	980439
637966	673149	717383	746095	778918	817383	852480	884877	919054	953712	980440
638771	673632	717400	747092	779292	818335	852574	885548	919056	953879	980577
638854	673997	718035	747208	779977	819234	853523	886080	919479	953901	980608
640591	674303	718284	747407	780242	823402	853888	886101	920724	953950	980785
641259	674530	718336	747784	780518	824289	856069	886125	921071	954161	980879
643093	674793	718735	748989	780648	824384	856361	886152	921542	954170	981950
643147	675318	719355	749443	781091	824685	856566	886195	922516	954380	983097
643891	675426	720555	749628	781413	824946	856934	886300	924078	955276	983240
645083	676504	720831	750180	783963	825142	856938	887474	924149	956557	984044
645086	676519	720913	751061	784185	825229	857168	887907	924281	958148	986137
645144	679013	721872	751427	784626	825317	857195	888345	924585	958686	986934
645580	679826	722256	751514	785431	825666	857401	889994	924685	959190	988647
646066	680742	723383	751595	786255	825704	857508	890185	925286	959939	989055
646573	680876	723694	752294	788437	825931	857764	890255	925699	960458	989212
648445	680939	724212	752725	789500	826471	859087	890453	926638	960555	990777
649784	682173	725027	752855	789744	827330	860165	890484	926912	960885	991008
650072	682546	725869	753883	790478	828003	861472	890539	927808	961801	991022
650780	682945	725958	755128	790655	828604	862141	890720	928039	962845	991607
651083	684303	726677	756144	791663	828723	862180	892666	929853	963134	992420
652371	684842	726767	756331	791832	830101	862637	893214	930008	963468	993846
652425	684897	726934	756533	792425	830656	863155	894123	930012	963496	994010
652521	686440	727467	756673	794880	830714	863189	894903	931713	964457	994428
653526	686554	727817	756796	795136	831389	863981	895686	932274	964704	994494
653805	686833	729436	757283	797757	833089	864657	895958	932342	964742	994847
654386	687211	729773	758535	797845	833259	865068	896679	933341	965988	995194
654657	688080	730215	758791	798244	834594	866381	897273	936288	966038	995376
655730	689003	730475	759305	799557	834814	867367	898645	936468	966132	995508
656133	690042	731354	759376	800252	835599	869034	899050	938516	966216	996196
656875	691376	731519	761500	800410	835696	870009	901067	940336	967950	996314
658904	691836	731755	761825	800724	835779	870360	902445	941378	968280	997449
659395	691976	732081	762273	801206	839153	872016	903043	942092	968338	997558
659700	695867	732732	762353	802039	840020	873024	903970	944575	971192	997780
660546	699374	732975	762961	802042	840192	873921	906289	944865	973280	997866
661179	699375	733795	763363	802208	840518	873995	907156	945081	976457	997889
661922	699703	734771	763563	803037	841148	874023	907756	945389	976589	997976
662414	700328	735186	763702	805818	841187	875001	907949	946273	976761	998153
662919	700507	735642	764491	806036	841476	875299	908624	946531	976871	998231
663207	700628	736016	764546	806432	842792	875815	908722	946944	976908	999053
663542	702221	736077	765632	806676	843696	876082	908735	947416	977247	999243
664438	702386	736196	766631	807747	844083	876903	908951	948445	977378	999505
664594	702523	736460	767208	809939	845580	877053	909328	948818	977726	xxxxxx
664906	702759	737942	768577	810286	845694	879744	911549	949090	977810	xxxxxx
666098	703368	737998	768914	812180	845803	879866	911585	949429	978243	xxxxxx
666922	703628	739068	771854	812219	847075	880771	912308	949788	978254	xxxxxx
666997	706123	739579	774081	813800	847770	881720	912647	951868	978332	xxxxxx
667736	706527	740262	775199	814938	847855	882674	913045	951907	978352	xxxxxx
668375	709661	740823	775931	815236	848182	882887	914413	952200	979159	xxxxxx
668854	711502	742076	776563	815362	848534	883130	914500	952391	979303	xxxxxx
670298	711627	743641	777274	815609	850412	883863	915420	952580	979566	xxxxxx
