                     DRAW OF Rs.1,500/- PRIZE BOND
                          HELD AT Rawalpindi
Draw No.:  81st                                               
Series  : COMMON DRAW            			Date : 17/02/2020


--------------------------------------------------------------------------------------------
First Prize of Rs. 3,000,000/-

585821
--------------------------------------------------------------------------------------------
Second Prize of Rs.1,000,000/- Each

037437  522658	 656259
--------------------------------------------------------------------------------------------
Third Prizes of Rs.18,500/- Each (1696 Prizes)


000187	029346	058818	089323	119366	149194	175012	207572	248306	280031	303634
000262	029974	058996	091318	119556	149696	175307	208223	248521	280068	303905
001156	029997	059022	091831	119764	150373	176498	209445	249725	280787	304273
002037	030262	060960	092741	119908	150685	178798	211643	250313	281423	305311
002250	030607	061166	093242	120149	150733	179245	211856	250667	281800	305374
003678	032036	062361	094200	121043	150958	180966	212087	251089	281998	305529
003860	032541	062903	095090	121270	151994	181011	212113	252613	282266	306283
004138	033153	063143	095225	121272	152032	181668	214788	254519	282760	306403
004211	033583	063168	095866	122157	152191	181696	214866	255591	283877	308172
004735	033698	064153	097599	122963	152823	182745	215539	255600	284754	308346
006137	034121	064564	097905	123204	152991	183010	215683	256385	284853	308595
006448	034419	064625	098060	123427	153315	183087	215946	256783	285376	308870
006679	034510	064690	098515	123429	153397	184398	217301	257159	285905	310341
006935	034793	065290	098725	123775	154044	185248	219003	257700	285935	311071
007124	035623	065700	098980	124058	155235	186023	219340	257829	286673	311625
007346	036836	067168	099100	124239	155889	186794	220111	257928	286980	311950
007464	036851	067347	099399	126512	156448	187094	220760	258474	287346	312553
008462	037243	067724	099588	127377	157183	187520	222882	258588	287952	313155
008528	038312	067910	099866	127983	158279	190140	223488	258800	288363	313529
008788	039964	068542	100456	128724	159021	190209	224200	259249	288545	313935
009675	040690	068712	103313	129460	159085	192030	225021	259454	288638	314152
009744	040834	070092	103623	130269	160064	193489	225142	259742	288936	315028
010682	040890	070190	104091	130915	160879	193701	225478	260541	288976	317272
011240	041572	073829	104518	131302	161004	194120	225701	261959	289199	317660
011866	041855	074259	105044	131668	161206	194688	228139	262067	289546	317663
012011	042056	074783	105170	132226	161460	194893	228232	264498	289588	318286
012083	042922	074826	105697	133196	162961	195130	229274	264898	289976	319034
012180	044159	075209	105721	134088	163907	195158	229525	265553	290713	319098
013717	046313	075410	105969	134381	164142	195594	230232	266473	290849	319354
014242	046799	075626	107776	134527	164243	195674	231380	267141	290870	319821
014795	046825	075931	108651	135942	164727	196580	231594	267428	290900	320079
015481	047102	076907	109814	136120	164764	196717	231682	269529	290926	320197
015563	047310	076952	110315	136238	164995	196931	231707	270291	291333	321375
015660	047506	076997	110846	136467	165285	197098	233824	271561	291616	321586
015776	048505	077002	111773	136637	165418	198874	234172	271589	292625	322047
016161	049597	077095	112649	137636	165432	198884	234457	271598	293469	322087
016664	050680	078029	112691	137912	165580	200099	234779	272981	293472	322205
017292	050694	079625	112785	138225	166713	200400	234927	273450	293579	322286
018182	051063	081510	113152	138428	167237	201186	235661	273850	294658	322727
018896	051921	082616	113979	141029	167813	201999	235680	274139	294690	322861
019037	052186	082724	114166	141471	167913	202167	235700	275003	295671	325376
020508	052820	083103	114788	142162	168277	202182	238390	275558	297395	325698
020760	055222	083312	114856	142225	168921	202399	239456	275570	297418	325902
020925	055383	083623	115065	142524	169582	203234	240986	277181	298363	326625
021415	056597	084197	115169	143822	169753	203949	241833	277697	298578	326954
022167	057201	086617	115240	144065	170881	204227	243606	278027	299716	327325
022305	057482	086805	116557	144614	171061	204265	244550	278617	300038	329866
025895	057906	086920	117123	145454	171210	204767	244567	278794	300138	330186
026097	057975	087176	117732	147149	172746	204823	244762	278885	300369	332233
026681	057998	088070	117852	147720	173577	205222	246001	279279	301325	332611
026723	058126	089166	118056	148884	173813	205301	246464	279785	301902	332947
026962	058617	089172	118628	148917	174286	206130	246819	279974	302131	333013


333144	368219	395889	419727	449017	482296	511062	534491	565406	595473	628746
333216	368381	396204	420964	450571	482369	513033	535192	565890	595842	629186
333575	368554	397269	421443	451140	482603	514442	536503	566993	596495	630230
333919	368764	397287	422349	451844	482911	515365	536890	567671	596798	630345
334400	369199	397434	422725	452830	483606	516006	537639	567941	596964	630715
336324	370714	398094	422773	455310	484643	516026	538044	570005	597148	630731
336754	371409	398745	423472	455356	484850	517148	538321	570463	597220	631165
337262	372519	399366	423658	455396	485317	517379	541425	570980	597277	632221
337551	372575	399404	423866	456820	485687	518150	541558	571829	597528	632487
338060	373196	399822	424056	457083	485860	518643	542300	571951	598750	633326
339834	373301	400483	425057	457250	486259	519043	542338	572365	599220	633407
340092	373620	400704	425700	457366	486360	519298	543082	572942	601958	633424
340952	374051	401491	426010	459617	487309	519769	543232	573228	602062	633791
342043	374418	401741	426489	459724	487981	520313	543743	573274	602633	636259
342079	375092	402372	426982	459859	489227	520930	544099	573601	602992	637834
342521	375431	402418	427226	460675	489729	521387	544183	574010	603024	638910
344047	375519	403123	428407	461042	490633	521404	544243	575540	604010	639565
344581	375560	403868	428821	461743	491539	521877	544296	575997	604279	640134
344910	376366	404037	429014	461943	492812	521957	544584	576121	604319	640141
345383	376619	405052	429508	462037	493649	522490	544891	576890	604635	640836
347526	376659	405293	430073	463401	493666	522541	545265	578515	604666	641205
349091	378038	405755	430448	463560	494071	524188	546476	578931	604676	641747
349172	378072	405765	430792	463785	495569	524291	546887	580829	606186	642147
349274	378094	407450	430991	464296	495832	524967	547292	581965	606500	642849
349417	378899	408075	431162	464482	496027	525468	547874	582254	607383	643728
349678	379170	408165	431902	464900	496473	525472	548547	582419	607707	644200
349839	379440	408314	433046	465208	496740	525998	548940	582665	608092	645793
350073	381147	408423	433692	466125	497893	526168	550163	582924	609953	645950
351031	382141	408518	433990	466618	498999	526592	550941	583818	610680	646856
351320	382166	408887	435160	466640	499006	526719	551214	584075	611169	648890
352109	382447	409432	435353	468416	499286	526862	551798	584081	612228	649189
352144	382939	409621	435415	468822	499578	526905	552353	584111	612827	649296
352305	383108	411354	435667	470360	500996	527217	552498	584226	613194	649840
352705	383440	411417	435807	470875	500998	527560	552742	584593	613369	650189
352858	384008	411447	436961	470888	501122	527738	554112	587910	614423	650407
353375	385227	412729	437059	470957	501149	528090	554121	588045	614706	651267
354008	385416	413056	437405	472690	501851	528443	554492	588075	615539	651435
354882	385648	413058	437966	474259	501899	528711	555388	588166	615881	652776
355690	386275	414124	437968	474967	502353	529644	555755	588895	616339	653181
356296	387908	414423	438791	475721	503677	529943	556193	589079	618015	654681
356907	388322	414544	439081	476220	504599	530056	557129	589354	618583	657122
357103	389137	414693	440118	477040	505180	530481	557452	589490	619865	658032
357555	389708	416954	441899	477987	505989	530752	558234	589759	620578	658452
358305	390066	417150	441985	478080	506315	530920	558915	590785	621208	658755
358370	390726	417965	443152	478110	506476	531309	560708	591411	621466	659119
358541	393402	418351	444055	478486	506703	531479	561081	591790	621860	659798
359580	393503	418359	445267	478943	507196	531996	561551	592028	621938	660388
361930	394396	418370	445703	479199	507346	532325	562422	592804	622432	661218
364958	394500	418730	445796	480722	508232	532880	563807	593398	623872	664809
365705	395354	418898	446209	481146	508666	533012	564405	594091	626083	665213
367321	395426	418939	446298	481246	508796	533413	565124	594462	626401	665400
367897	395795	419425	446858	481544	509337	534370	565251	594533	628363	665978



666471	692501	721757	751198	782983	808835	844329	879356	912849	942095	976099
666565	692790	722154	752773	783119	809480	844501	881507	912859	942111	976661
666707	695416	723098	753074	783172	809501	844988	882540	913281	942786	977209
667250	695662	724316	753550	784116	810022	845359	882696	913318	943590	977297
667286	696166	725222	753565	784373	810114	845622	883270	913972	944050	978509
668274	696513	727199	754308	784901	810118	845922	883963	914292	944132	978553
668343	697096	727983	754628	785088	810341	846147	884137	914372	944331	979099
668518	697836	728783	754889	785159	810641	846158	884260	914461	944470	979176
668757	697978	729423	755300	785261	812230	846990	884780	914539	946003	979366
668994	698237	730547	755614	785660	812654	847833	886584	914847	946906	980069
669860	698310	730631	755805	786709	813314	848804	887426	916527	947483	980191
669870	699022	730737	756500	786745	813541	849247	889315	916565	949158	980968
670523	699137	730890	758405	787047	813920	850213	890272	916832	949538	981667
671326	699219	731940	758848	787067	814079	850300	891309	917438	949605	982455
672914	699775	732052	758921	788287	814992	852240	894188	917555	950099	983219
674032	699873	732054	759783	789346	815516	853491	894203	918115	950226	983489
674068	699906	732411	760698	791240	816418	853962	894529	918876	950436	984105
674444	700878	732683	760927	793101	817993	856310	895290	920160	951291	984510
674487	701073	732940	761409	793466	819302	856573	896856	920267	951560	984615
675490	701288	733158	761820	793677	819377	857732	898837	920907	952801	986095
675574	701826	735256	762285	794189	819836	857874	899585	920936	953416	986293
675740	701950	735425	763221	794583	820048	859507	899624	922009	953644	987956
676020	702187	736186	763410	794705	820098	859720	899906	922725	953745	988070
676587	704808	737524	764441	795194	820519	860011	900266	923418	954662	988976
679403	705070	737646	764448	795270	821516	860552	900766	924019	956106	989586
680062	706758	737717	765743	795585	821589	861916	900893	924187	956112	989924
680502	706857	738555	766174	795725	821984	863925	901681	925763	956519	990092
680832	707084	739025	766475	796387	822788	865034	901909	925768	957237	990130
680862	707818	739106	766628	797667	822906	866199	902226	926216	959056	991253
681315	708088	739332	768267	798767	823432	866409	902807	928808	959675	992124
681646	709364	739642	769077	798820	823676	867752	902899	929129	961168	992440
681831	710459	739724	769221	799203	823815	868919	902986	929682	961439	992754
682954	710948	742251	769266	799275	823888	872049	902987	930322	961517	994462
683010	711170	742343	770143	799285	825332	872207	903078	931504	961719	995230
683132	711488	743457	770960	799980	827188	872335	903481	931825	962122	995949
683198	711514	744351	770972	800107	827480	872511	903963	932182	963105	996947
684347	711637	744493	771666	800305	827495	872729	904030	933158	965344	997727
685268	712713	745677	772250	801004	828683	873446	904190	933868	965950	998162
686932	713835	746584	772772	801647	829121	874090	904348	934522	967786	998744
687880	714069	746710	773258	802171	832005	874602	904945	935647	969260	998800
687886	714157	746715	776278	802643	832037	874641	904978	936028	970819	999167
688091	714182	747429	777254	802817	832666	875210	905440	936173	971580	999499
688279	714282	747542	777986	802875	833133	875504	905608	937325	972011	xxxxxx
689251	716073	747812	778094	803123	834173	876175	905902	937369	972853	xxxxxx
690873	716371	748124	778322	803473	835390	876647	908394	937658	973495	xxxxxx
691210	716461	748565	779398	803607	836366	877038	908968	937861	973590	xxxxxx
691338	717326	748774	781418	804281	837811	877554	909632	938157	973691	xxxxxx
691741	720016	748862	781436	804846	838909	878091	910099	939571	973962	xxxxxx
692034	720148	749063	782072	806707	839992	878225	910275	940343	974200	xxxxxx
692233	721542	749960	782078	807120	840931	878285	910295	940886	975667	xxxxxx
692496	721632	751170	782341	808099	844303	879214	910540	941109	975687	xxxxxx
