DRAW RESULT OF Rs.1,500/- DENOMINATION NATIONAL PRIZE BONDS – 102nd DRAW.

First Prize of Rs. 3,000,000/-

902481

Second Prize of Rs. 1,000,000/- each.

  500006       516817        777270


Third Price of  of Rs. 18,500/- each


001264	028247	060250	090852	118740	150780	180172	211224	231252	258837	287093
001343	028366	060739	091269	118786	151158	180331	211880	231515	258887	287477
001597	028618	061010	091481	119777	151743	181066	212262	232764	259734	287606
001621	029031	061232	091944	119838	151958	181647	212388	233211	260026	287930
001913	029255	061704	091959	120268	152360	182022	212453	235117	261117	288412
002482	031128	062533	092461	120869	152706	182086	213072	235124	261443	288991
002995	031312	062827	092830	122360	153140	184144	213425	235270	262221	291356
004145	033301	065039	093773	123935	153504	184462	213498	235561	262379	292494
005001	033636	065225	093976	124124	153811	184666	214523	235681	262448	292757
005282	033901	067094	094636	124145	154391	184962	215205	235855	262931	294526
005601	034225	068401	095305	125219	154919	185007	215267	236767	263276	295147
007338	037082	068521	095867	125591	154996	185219	216355	237001	263634	296371
007815	037817	068545	096119	125684	155351	185283	217551	237368	263883	296511
009543	038435	069189	096188	125857	155496	185394	217711	237544	264007	296877
010764	039141	069334	098464	125991	155822	186126	218371	237768	264374	296893
010874	039178	069439	100680	126243	156314	188999	218373	237818	264754	297366
011186	039205	069915	102422	128480	157132	189075	218835	238782	265376	298163
011865	040121	072626	103825	129127	158436	190366	219306	239032	265977	298321
013463	041312	073555	104034	129258	158807	191621	220578	239356	266101	298335
013832	041476	074130	104424	130056	158982	193653	220942	239764	266961	298459
013917	042024	075032	104780	130512	159548	194512	221058	239909	267686	298622
014237	042721	075726	104913	130756	160321	194547	221357	240232	267872	300296
014444	043220	076953	105220	131967	161542	195003	222324	241318	268372	300732
014721	043625	080857	106016	133841	162163	195787	222608	241537	269138	301128
015135	044505	081074	107066	133943	163378	195887	223024	241716	269868	302355
016266	045516	081176	108278	134066	164347	196180	223356	241819	269985	302380
017004	046682	082182	108576	135142	165274	196766	223909	241915	270262	302664
017360	047468	083065	109004	135176	167136	196775	224752	242143	270337	302955
017364	047975	083092	110046	135375	167986	197671	225413	242202	270864	304209
017920	048993	083210	110432	135611	168498	199201	225646	243800	270902	304318
017921	050166	083509	110551	135964	168552	199764	226531	244649	271456	305318
019881	050209	083600	110561	137370	168596	200045	226712	245648	271700	305406
020679	051734	083651	110815	138445	168890	200643	227369	247033	271805	305690
021213	052103	083772	111766	141227	169461	201179	227748	247612	272046	305843
021496	053396	083854	112440	142460	171625	202325	227896	248974	272093	306352
021669	053666	084516	112772	142642	172674	202825	228084	250387	274479	307583
021859	053713	084526	113982	142744	172876	204430	228097	250521	274940	308174
023047	053739	084579	114016	142811	173005	205667	228348	251594	275454	308525
023308	054390	084836	114757	143243	173066	205873	228662	252402	278469	309551
023491	056401	085342	115168	143982	173859	206410	229119	252587	278619	310481
023542	056654	086732	116575	144273	173983	206958	229834	254087	279463	310978
023558	056822	086734	116616	144310	174098	207019	229912	254462	280475	311037
023667	057660	086839	116718	145374	174948	208079	230038	254684	281834	311127
024373	057757	088549	117177	145464	175164	208749	230064	255429	282100	311342
024555	057988	088962	117427	147689	175522	208859	230173	255958	284327	311627
025437	058275	089220	117496	147866	176317	209561	230330	256287	284508	313514
026168	058804	089763	117786	148243	177280	209967	230550	256649	284658	313827
026269	059421	090080	117855	148463	177367	210070	230833	257773	285539	314597
026877	059609	090377	117982	148658	177863	210195	230946	258166	285992	316004
027192	059629	090751	118570	148737	178007	210534	231146	258781	286116	316477


317050	342522	375034	405352	433218	456804	491493	519341	551400	579922	604793
317132	342826	375577	407305	433226	457353	491718	519661	553210	580591	605391
317975	343032	375649	407698	433550	457496	491847	520143	553882	581361	605435
318482	343104	375971	408077	433949	457786	493444	520784	554057	581501	605490
321426	343411	376033	408241	434392	457806	493604	522171	554331	582193	606897
321705	343757	376657	408504	436154	458925	495875	522695	554763	582287	607704
321957	344016	377239	410383	436298	459915	496977	522717	555418	582448	607759
322068	344199	378591	411619	436324	460090	497007	523167	555804	582450	607825
322448	345021	379271	411797	436478	460535	497204	523238	556269	583831	608111
323234	345866	379886	413754	437411	460929	497350	523537	556317	584183	608590
323732	346241	380851	414217	438338	461747	497522	523546	556399	584854	608693
324990	346639	381357	414670	438566	462389	497796	524221	556626	585315	608966
325122	346731	381589	414680	439340	465908	498330	526194	556717	585685	609385
326007	347074	381913	415794	440028	467276	498470	526871	557364	586330	609639
326638	347719	382472	416827	440519	467876	498601	526896	557512	587083	609698
327091	350069	382849	417430	441213	468262	499113	526925	560125	588202	609785
327925	350479	382918	417723	441502	468392	500591	529048	560360	588287	611282
328445	350642	383954	418849	442569	470632	501049	530654	560370	588463	611580
328683	351810	384020	418982	442864	471657	501817	531196	560497	588703	611976
331454	352060	384154	419808	443164	472843	502292	531623	561329	588723	612087
331842	352317	384317	419858	443245	473644	503826	532981	561442	589105	612127
332081	352470	384470	420084	443659	474057	504651	533316	562291	589493	612599
332134	353430	384728	420087	444105	475744	505855	534005	563122	589930	612764
332272	353719	385486	420930	444736	476936	506545	534585	565103	591150	614155
332841	354439	388340	421224	444764	477170	506658	535902	565444	591763	614310
333737	355198	389626	421315	445024	477634	506933	536472	565565	592059	614603
333938	355218	391771	422744	445644	477800	507313	536877	565719	592124	614668
334725	356623	391940	422870	445716	478052	507711	537839	565918	592613	614722
334742	356736	392111	423004	445991	480167	507848	538299	566087	593505	615390
335061	356959	392615	423130	446805	481280	508165	538923	566200	594606	615584
335064	357182	393099	423338	446994	481299	508195	539252	566296	594849	615631
335561	357747	393208	423505	448114	481454	508448	540198	566346	595095	615879
335608	359202	393936	423836	449041	481930	508486	540832	566519	595501	616131
335718	362847	394310	424456	449289	482448	508861	541169	566610	595598	617288
335999	364141	394315	426018	450211	483713	508986	541205	566806	595900	618192
336249	365891	394996	426524	450307	483890	509059	541501	568283	597001	618279
336378	366257	395612	426837	450718	484522	509351	542449	569396	597645	618492
337019	366696	395921	427095	450779	485766	511847	542839	569418	598763	618526
337110	369367	396736	427524	450904	485808	511993	543043	569512	598802	620387
337797	369534	399805	427799	451978	485962	512130	543427	569625	599000	621426
338060	369678	400281	427967	453373	486091	512315	544126	570382	599117	621879
338267	370402	400464	428225	453691	486555	513349	544242	570431	599132	621920
338693	371354	401111	429085	453878	486725	515401	544885	572440	599177	623184
339844	371688	402532	429441	454601	487065	515422	544945	574038	599686	623365
339978	371886	402602	430156	455047	487350	515652	546617	574218	599707	623582
340154	372559	404371	431177	455061	487359	516716	546620	574759	599892	624389
340161	372846	404659	431690	455651	487434	517663	547830	575703	602415	624608
340783	372879	404662	432781	456186	487548	518301	547857	577832	603518	624670
341773	373388	404874	433031	456370	489609	518588	548445	578368	603745	624726
342133	374954	405303	433131	456492	490093	519187	550652	578789	604328	627992


628700	652347	681352	713778	750419	787051	818109	847593	877885	914601	948668	975737
629129	652792	681653	716219	750457	787070	819177	849364	878060	915152	948795	975782
631241	653650	682626	717263	751276	787212	820435	849691	878992	915576	949223	977725
632249	654030	683039	717791	752232	788104	820624	849895	879413	916086	949820	977899
632342	654772	683125	718526	752431	788318	820816	849960	879619	921418	949928	978080
632975	654867	684271	718851	753348	788693	822011	850811	880828	923770	950780	978475
633111	655315	684619	719035	753719	789856	822205	850985	881155	924287	951140	979199
633337	657240	685101	719852	757179	789872	822719	852738	881399	924347	951379	980553
633915	657282	686260	721032	758016	790180	823262	853251	881710	924412	953083	981428
634119	657369	686486	724014	758290	790528	823823	856890	881743	924495	953124	981677
635727	657638	686616	724546	758785	790961	824407	858251	881977	924617	953388	981680
636989	659368	686947	728105	759077	791677	825787	858998	882000	924783	956966	981972
637144	660526	687170	728928	760638	792774	826406	859467	883220	925589	957389	982000
638501	661999	687700	729058	762008	792948	826711	859749	883895	925842	958896	982277
638521	663534	688300	729250	762961	793201	826857	859909	884553	926535	959626	983715
638747	663870	688320	729586	764804	794394	827385	860200	886737	927286	960457	984396
639782	664544	688369	729813	765742	794443	827916	861465	887058	927790	960761	984459
640119	665093	688480	730918	766967	794477	827952	861584	887609	928260	961392	984677
640650	665237	688584	731379	767683	796307	828347	862085	888003	929605	961612	984907
641430	665269	688849	731803	768095	796418	828667	863539	890235	930720	962116	985187
641780	665383	688970	733313	769561	797594	830403	863969	890781	931103	962383	985244
642134	665398	689791	733576	769743	798380	832181	864431	890904	932030	962489	985366
642566	665575	689838	734794	770849	798654	832258	864919	891186	932185	962873	985482
642859	666874	689870	735609	771217	799090	832365	864930	891798	933966	963575	986903
643588	667180	690537	735698	772930	800125	833614	865683	891824	934734	963697	988404
643680	667313	691155	735812	773698	800816	836126	865700	892137	934952	963862	988728
644380	668084	691289	736303	774622	801275	837904	865721	892391	935076	963997	989086
644791	668374	695400	736504	774999	804945	838513	866075	893419	936518	964369	989421
645160	668467	695490	736736	775015	805186	841217	866127	893645	936606	964507	989606
645305	669094	695798	736810	775643	805267	841301	866599	894500	938226	964642	989796
645414	669248	696516	736977	776937	805444	841384	866988	895646	939518	964784	990641
645591	669602	700277	737270	776967	805531	841414	868125	896864	939744	965194	991428
645827	669727	700342	737875	777706	806727	841433	868562	897012	940096	965369	991770
647328	669859	701273	738133	777714	806870	841584	870079	897360	940501	965571	991943
647699	670070	701847	738375	778408	807362	841800	870512	897420	941001	965868	992275
647976	670174	702013	738924	778699	807553	842061	870610	897904	941244	965930	992735
648367	670627	702411	739603	779040	807682	842235	870636	898722	941288	966168	993628
648670	670719	702484	739860	779224	808187	842921	872533	901305	941340	966855	993641
648864	670753	702716	740233	780520	808241	843042	873080	901567	941683	967483	993958
649398	670763	703234	741236	781242	809468	843446	873407	903086	942634	967577	995044
649851	671412	705304	742010	781714	810512	844184	873556	905068	944527	969242	995715
650028	671978	705420	742386	782313	813346	845275	873610	905957	944881	970221	995910
650355	672383	706280	743318	782525	813379	845303	873894	906049	944932	971204	996102
650465	672421	707360	743873	782674	814573	845822	874113	907818	944942	971674	996156
650536	674738	708369	744135	782891	815344	846195	874264	908655	945514	971924	997063
650630	675505	708539	744981	784332	816103	846522	874738	910074	945812	971953	997469
650676	676232	708989	745553	784753	816158	846635	875218	910130	946114	972314	XXXXXX
650964	677586	709151	746885	785289	816527	846964	877521	912030	946286	973922	XXXXXX
651311	678748	712036	748827	785357	816985	847286	877695	912791	947033	974283	XXXXXX
651874	680631	712959	749404	786062	818076	847353	877791	912830	947322	974740	XXXXXX
