                                       STATE BANK OF PAKISTAN
                           SBP BANKING SERVICES CORPORATION (BANK)
                                        LAHORE
                                                                                                              Part-1
           9zth DRAW RESULT OF RS.I500/- DENOMINATION NATIONAL, PRIZE BONDS
       The 97th Draw of Rs. 1500/- denomination National Prize Bonds was held today on February
15, 2024 (Thursday) at 9:00 A.M. at State Bank of Pakistan, Banking Services Corporation (Bank).
Lahore. Mr. Anwar Ali Sangha (Retired Judge), Advocate High Court, Sangha and Tarrar Law Associates,
presided over the event.

The drawwas held under the system of single common draw and applied to all the 135 (One hundred
thirty five) series of Rs.1500/- denomination National Prize Bonds currently in circulation, namely
series "A" to "EQ" sold up to 14-12-2023, were included in the draw except National Prize Bonds
bearing Nos. F899873, j749647, AA961120 &P170632 which have already been withdrawn from
circulation vide SBP BSC Head office letters No. PBB/8601/PB-10-A/2007, CMD/GSSAD/PBU/PB-1
2012-953 and CMD/GSSAD/PBU/PB-10-A-2013-654 dated 10-05-2007, 16-05-2012 &19-04-2013
respectively. Moreover 20,000 pieces of fresh National Prize Bonds of Rs.1500/- denomination from
"AWO70001 to AW090000" have not been issued by SBP BSC which will not be encashed or paid prize
money thereof vide SBP BSC HOK letter No.CMD/GSSAD/PBU/PB-94-714 dated 14-05-2014.
Further, it is clarified vide CMD letter No. CMD.GSSAD/PBU/PB-1-2011-1630 dated August 03, 2011
and instructions contained in Government of Pakistan, Finance Division (Budget Wing) Notification
No.F.16 (3) GS-1/2004-1171 dated 25th June, 2011 that mismatched National Prize Bonds shall not be
eligible for claiming prize money since draws held subsequent to this Gazette notification.
The winning numbers as mentioned below have been declared entitled to prizes. 1700 common
numbers in all the (135) One hundred thirty five series mentioned above are entitled to prizes
mentioned there against. For instance, the number, which is declared successful for the first prize will
get the first prize in each series. Similarly, the number for the second prize will get the second prize in
each series and so on.


       Following is the detail of prizes drawn on Rs. 1500/- denomination National Prize Bonds:
                  135            Prizes of Rs.3,000,000/- each       01 Prize in each series
                  405            Prizes of Rs.1,000,000/- each       03 Prizes in each series
                228,960          Prizes of Rs.18,500/- each          1696 Prizes in each series
                229,500          Total Prizes.                       1700 Prizes in each series

    The following 1,700 common numbers were drawn from amongst numbers 000001 to 999999.
                                         First Prize of Rs.3,000,000/
                                                   133135

                                    Second Prize of Rs.1,000,000/- each.
                           473511                 483414                 878834




         (Fahad Ali)                (Muhammad Waheed Akhtar)                (Muhammad Imran Tufail)
 Assistant Chief Manager (PBU)      Sr. Deputy Chief Manager (IMD)      Secretary /Deputy Chief Manager (PBD)
    SBP BSC (Bank) Lahore.              SBP BSC (Bank) Lahore.                SBP BSC (Bank) Lahore.
                                                                                      Continued on Part-l1|
                         97th DRAW OF RS.1500/- DENOMINATION NATIONAL PRIZE BONDS
                                         HELD ON 15-02-2024 AT LAHORE
                                             {1696 Prizes of Rs.18,500/- Each)
                                                                                              Page No.1
PART - I
                                                                                               246566     281407      315388
 001057      031533      068969     110564      133002      161771      192542      221455
                                    110792      133865                              223463     246972     282337      315668
 001113      031791      069767                             162829      193877
                                                                                    225072     247083     283051      315677
 001238      031947      071025     111410      134147      163469      194150
 001522      032499      072288     111412      135237      163919      196176      225105     247890     283220      316432
                                                137133      164266      196709      225115     248646     283764      317177
 002002      033782      072513     113772
                                    113829      137397      164885      197026      225254     250018     284291      319339
 003963      033873      072619
 004206      034705      074862     113883      137524      166499      197747      225450     250563     285371      319940
                                    113966       137724                 197847      225632     252358     286370      321418
 004408      035621      075442                             166738
                                    114254       137994     167442      198836      226540     252571     287080      323401
 004666      036792      076276
 005141      037614      077654     114366       138152     167585      199402      226669     252644     287653      324337
 006057      038577      079227     114488       138528     168218      199828      226875     253434     288630      324814
 007801      039083      080514     114599       139017     168718      200645      227018     254401     290053      326593
 007913      039537      080611     114941       139178     169236      200890      227257     255885     291291      326776
  008113     040193      080990     114984       139229     169264      201224      227321     256245     291693      327549
  008282     040409      082644     115942       139858     169344      201564      227522     256359     293060      327662
                                                 139911                 201923      228149     257612     293454      327847
  008358     042615      082761     115982                  169540
  009001     043656      083192     116662       139950     170870      202290      228161     257895     293485      329443
  010630     043852      084325     117127       140450     174183      203518      228166     258569     295719      329459
  012313     044336      086244     117353       140476     174348      204189      228867     259025     295910      329578
  012911     044639      086806     117562       140512     175032      204602      228952     259291     296207      329693
  013845     044852      087497     117775       140607     175871      205220      229046     259348     297209       330076
                                    118750       140805                 205598      229093     261817     297526       330344
  014041     045427      087841                             176105
  015039     046447      090429     119039       141513     176158      206742      229588     261977     298217       330377
  015078     049264      090500     119219       142462     177458      206798      230347     262938      298736      331401
  015150     049737       090964    119951       143290      177477     206819      230527     264583      298762      332036
  015666     049979       091272    120100       143983      179248     207009      230732     264742      299113      332280
  015770     051230       092444    120938       144078      179442     207222      230883      264752     300556      332893
  015816     051413       093930    121637       145372      180309     207272      231343      265476     300699      332989
  016690     051888       094664    121990       145806      180352     208245      231360      266832     301011      333147
  016769     052522       094869    122314       147317      181247     209279      232980      267017     301147      334664
  017088     053239       095159    122585       147739      181923     210191      233061      269670     301856      337409
  018613      053402      097513    122625       149552      182536      210682     233084      270695     302667      337595
  020638      053838      097740    123193       149673      182676      210842     233173      270792     302722      338230
  021012      053854      098640    123256       150978      182759      211186     233257      271378     303207      339775
  022849      054347      099105    123289       151088      182857      212004     233718      271737    303549       339853
  023336      056380      099286    123647       151101      183292      212958     235117      271803    303585       341106
  023467      058339      100217    123820       151187      183572      216255     235537      272215     303595      341659
  023582      058427      100691    124365       151582      183638      216943     236914      272501     303829      343543
  024095      059234      100785    124436        152250     183954      217036     237457      272802     304260      343544
  024524      059898      100959    126267       153624      184811      217092     238419      272916     305616      344269
  024747      059947      101197     126729       154731     185004      217192     238651      274454     306703      344739
  025393      061353      103213     126795       156796     185433      218269     238919      276867     307082      344833
  025634      062770      103293     127113       156972     185636      218324     239891      276888     307824      345348
  025919      062882      104043     127447       157876     187830      218742     240504      278595     307887      345670
  026712      063853      104475     128143       158129     188034      218820      240642     278848     309677      346418
  027270      064396      105076     128349       158172     188218      219644     240872      279031     309805      346760
  027602      065561      105597     130051       158486     189019      219693      241385     279033     310921      347788
  027965      065596      106707     130092       160025     190367      219891      242103     280133     311163      348016
  028793      066406      108388     130240       160184     190419      220039      243110     280184     311294      348559
  029458      066817      109190     130288       160578     191391      220045      243574     280428     313048      350383
  030128      066963      109950     132606       160812     192085      220220      244645     280629     314517      350770
  031011      068211      110023     132986       161529     192197      221274      245737     280683     315356      351211
                                                                                       Contd....P-| Page No.2




             Fahad Ali                             Muhammad Waheed Akhtar                          Muhammad Imran Tufail
    Assistant Chief Manager (PBD)                  Sr. Deputy Chief Manager (IMD)                Secretary /Deputy Chief Manager
                         97th DRAW OF RS.1500/- DENOMINATION NATIONAL PRIZE BONDS
                                        HELD ON 15-02-2024 AT LAHORE
                                        {1696 Prizes of Rs.18,500/- Each}
PART -II                                                                               Page No.2
 352446      389534      424310    454950   483799     511744      535289     560262    593659     619155      654329
 352649      389539      426121    456004   484297     512210      535365     562307    593745     619945      654578
 353556      390637      426795    457835   484561     512350      535373     562477    594060     620650      654693
 355513      392633      426979    457971   484769     512936      536175     564503    594726     621695      655608
 356276      392680      427262    458161   484913     513165      537009     564986    595159     622260      656489
 356917      393037      428014    459724   486739     513624      537155     565292    595395     622285      657403
 357668      395056      429245    461042   487388     513767      537716     565339    595503     622372      657880
 357742      395187      429493    461270   487557     514777      537779     565396    596614     623178      659295
 358631      395632      429552    461728   487823     515209      538489     566351    596906     624762      659900
 359218      396124      429843    462020   488226     515624      538870     567650    597332     624775      660198
 359658      396866      431784    462041   488307     515687      539339     568367    597344     625199      660206
 359709      397266      431821    462244   488905     517124      540272     568540    597506     627036      660258
 360365      398210      432061    462852   489038     517413      540289     569111    597723     627078      660683
 361182      398441      432772    463153   489585     517567      540406     569638    598982      627707     660875
 361239      399887      432886    463781   490500     517990      540452     569647    599044      630069     661539
 361251      400481      433492    463944   490792     518181      541491     569667    599521      630798     661893
 361439      400727      433738    463968   490900     518557      541700     569796    599856      631099     661931
 361529      401408      434706    464930   491079     518580      544481     570316    599888     631569      662099
 364170      401947      435060    465137   491222     519016      545065     570899    600115     631686      662422
 365025      402750      436232    465593   491406     519459      545677     570954    600149     632169      662876
 366097      404316      436295    465874   491579     519469      545965     572554    601064     632237      664282
 367829      404993      437030    466665   491598     520065      546528     572636    601683     633117      665398
 368700      405719      437886    467526   493096     520259      546616     573113    601821     633995      667392
 369122      405921      438063    468180   494023     521187      547195     573594    602774     635334      667784
 370301      406359      438724    468687   494720     521312      548559     573763    603730      635750     668173
 370945      406434      438761    468842   495177     521480      549322     573822    603853      636020     668217
 371782      406725      439003    469588   495447     522282      549422     574500    605277      637613     668240
 372972      408935      439387    469627   495695     522902      550066     574687    605538      637734     668285
 372985      409799      441495    470466   495806     522985      550203     575968    605847      638705     668765
 375436      410103      441820    470891   495879     523074      550544     576213    606408      639413     669716
 376627      410855      442110    471208   497706     523161      550592     576495    607488      642915     672351
 376989      411295      442342    471761   498000     524244      550721     577742    607729      643125     672356
 377220      411615      442525    472023   498324     524354      550874     579191    609123      644008     672693
 377774      411644      442615    472522   498696     524670      551760     579265    609827      645303     673233
 377955      411661      443024    473697   498888     524716      551841     579557    610658      645769     673288
 378314      411908      443405    473822   499289     525987      551937     580621    611086      645908     673340
 378970      413134      443576    474359   500661     526367      552270     581036    611245      646193     673991
 379600      413584      443826    474493   500670     527112      552353     582538    611672      646503     674139
 380083      413737      443967    474986   502268     527586       552551    582998    611864      646814     674350
 381447      416127      444173    475503   502461     529083       553265    583920    612216      646907     674382
 383339      418075      444337    475514   504246     529385       553538    584314    612219      647835     674599
 383460      418804      446679    476528   504595     529469       554121    584909    613360      648376     674790
 383505      419551      447685    477480   505111     529622       554313    585006    613536      648504     675701
 384739      419638      448400    477897   505234     530708       554778    585284    614736      649132     675892
 384994      420503      448658    479266   505244     531407       556013    585716    614889      649669     676444
 385080      420821      449169    480040   505522     532246       557537    586961    615014      649697     677002
 385285      421258      449254    481013   505528     532276       557620    587974    615450      651090     677478
 386029      421277      450028    481088   506708     532399       557664    589210    615970      651154     678803
 387208      421943      450528    482020   508821     533182       557744    589890    616113      652086     679165
 387863      422660      453211    482313   509796     533603       558261    590522    617293      652324     679253
 389322      422951      453954    483053   509892     534641       558563    591750    618132      653146     679689
 389394      423544      454433    483066   510014     535239       559824    592599     618886     653732      679973
                                                                                  Contd....P-II Page No.3



            Fahad Ali                        Muhammad Waheed Akhtar                         Muhammad Imran Tufail
   Assistant Chief Manager (PBD)             Sr. Deputy Chief Manager (IMD)              Secretary /Deputy Chief Manager
                         97th DRAW OF RS.1500/- DENOMINATION NATIONAL PRIZE BONDS
                                         HELD ON 15-02-2024 AT LAHORE
                                             {1696 Prizes of Rs.18,500/- Each)
PART - II                                                                                   Page No.3
 680329      708692        735532   767929      799279      831910      855260     888371    918647   953021        976095
 680374      709172        735708   768864      799637      832376      855481     888965    918807   953261        976656
 680545      709258        735818   768916      799832      832808      855567     889502    919588     955254      976850
 680750      709372        735841   770061      800231                  855982     890361    920203     956302      977310
                                                            833500
 681055      709473        736295   770336      800291      833830      856537     890730    921930    956474       978267
 681280      709840        737957   770396      800401      834040      856865     890789    922142    956542       978332
 682377      710049        737999   773204      802225      834337      857439     890990    922403    956552       978619
 682490      710607        738119   774775      803056      834531      857611     891035    922552    957336       979358
 682947      710846        739056   775217      803430      835720      857768     891906    923759    957578       979438
 683743      711283        739222   775268      804021      837380      859547     892121    924152    957680       979960
 684808      712132        739673   776156      805624      838073      860192     892141    924281    957726       980006
 685586      712849        740247   777405      805708      838121      860830     892463    924835    957792       980057
 685713      713436        740841   777623      805926      838314      861156     892666    926318    957850       980070
 687290      713655        741738   778036      806148      838400      861738     893593    927556    957900       980366
 688636      713855        742524   778161      806320      840370      861791     894919    927882    958936       980630
 689147      714586        743640   779718      806994      840842      862247     895006    928173    959605       980699
 689557      714627        743787   780336      807748      841394      862855     896028    928228    959654       982845
 689666      715099        744797   780727      808286      841846      864076     897015    929451    959839       983168
 691470      715535        745351   781166      808418      841870      864487     897710    930079    960424       983368
 692430      716108        746321   781624      808911      841995      864860     897843    930417    960825       984708
  692454      716494       746381   782947      809699      842007      865926     898658    930557    960862       984883
 692668       717668       746481   783782      810144      842055      866714     898844    930945    961238       986169
 692928       717815       746607   784303      810590      843064      867421     898917    931580    961380       987672
 693182       718054       747269   784896      812112      843110      867807     899021    932780    961589       988055
 693318       718176       749039   785721      813646      843289      868049     899181    933897    962281       988066
 693504       719171       749656   786124      814137      843502      868411     900155    934430    962599       988137
  693684      719599       750024   786149       814542     845428      868546     900956    936483    962869       988385
  693760      720124       750466   786501       814714     845743      869626     901842    936682    963189       990125
  694103      720149       750952   786658       815905     846529      870692     902230    937016    964272       990130
  694990      721274       751142   787277       817107     846580      871664     903966    937202    964432       991213
  696156      722256       752317   787918       817549     846625      871667     906492    937352    964566       991418
  696160      722429       753856   789056       818137     846638      871984     906797    939033    965172       991735
  696294      722915       754290   789456       818279     846660      872094     907237    939189    965352       992007
  696540      723283       754618   790001       818573     847981      872192     907352    939266    965911       992968
  696668      724170       755205   790007       818625     848415      874998     907384    939677    966026       993639
  697632      724800       756271   792263       819095     848441      875068     907645    939818    966358       993947
  698163      725763       756512   792511       819348     848554      875958     908013    940270    967404       994103
  698310      726039       756986   792536       819980     848657      879930     908399    941239    968304       995081
  698841      726160       759592   793323       820914     849207      880416     908897    941432    968569       995985
  699947      726339       759786   794450       821194     849444      880445     909316    942768    969373       996645
  700596      726435       760273   794598       823532     849531      881280     909445    943063    969944       999498
  701608      727209       760986   794662       824309     849813      882506     910041    946952    970316       999823
  701900      729293       761039   795013       824581     850588      882520     910324    947715    972630       XXXXX
  702509      729401       761227   795987       824874     850719      882543     911705    947939    973109       XXXXXX
  703196      729796       761412   796056       825073     850851      882992     912306    948056     973166      XXXXXX
  703749      729954       762347   796082       827152     850856      883695     913422    948160     973220      XXXXXX
  705453      730543       762771   796290       827805      851803     885456     913573    948319     973221      XXXXXX
  706071      730605       763163   798018       828161      852298     886103     913666    950277     973795      XXXXXX
  706886      731114       764663   798426       830846      854038     887018     913732    950988     974653      XXXXXX
  707276      731754       765002   798993       831023      854039     887143     914786    951826     975076      XXXXXX
  708320      734625       765584   799236       831801      855030     887258     916859    952737     975966      XXXXXX




             Fahad Ai                             Muhammad Waheed Akhtar                       Muhammad Imran Tufail
    Assistant Chief Manager (PBD)                 Sr. Deputy Chief Manager (IMD)             Secretary /Deputy Chief Manager
 State Bank of Pakistan,
 Banking Services Corp. (Bank)
 Lahore
 Dated: 15th February, 2024
