DRAW RESULT OF RS.1500/- DENOMINATION NATIONAL PRIZE BONDS - 106TH DRAW

First Prize of Rs. 3,000,000/- 

024132

Second Prize of Rs. 1,000,000/- (each)

026284      355420        407321

Third Prize of Rs. 18, 500/-

000040	028615	052200	091819	120339	152185
000108	029769	054135	092002	120638	152972
001049	029786	055444	092006	124354	153384
001988	030893	055819	092189	124602	154393
002469	031959	055895	092783	125146	154482
003587	032054	057305	093326	126098	154887
003918	032247	057950	093597	126567	154905
004268	032909	061168	094496	126768	154984
005169	032942	061554	095740	127343	155034
005675	033792	061667	096183	127369	156040
006687	034050	061849	096893	127753	156163
006714	034170	063262	098841	128286	157964
007285	034515	064041	099578	128631	158234
007294	034852	064404	099720	129606	158902
008895	035179	065109	101030	129627	159411
009406	035291	065492	101338	131416	161085
010100	035762	066473	101587	131740	162774
011106	036120	068678	101836	132007	163521
011148	036435	068837	101841	132048	163959
012404	036666	070176	101933	132578	164208
012546	037283	071156	102228	133450	164665
012759	037408	071176	103353	134237	164903
013194	037625	071345	103633	135111	165465
013451	038446	071941	103783	137268	165607
014561	038725	072072	104551	137277	166056
014894	039715	072257	104722	137522	166174
015088	040144	073586	104860	137532	166753
015488	040765	073954	105525	137741	168155
015525	041067	074249	106069	137860	168265
015620	041461	074912	106417	138031	168513
016450	041589	075668	106626	138803	170163
018215	041665	077457	106963	139094	170571
018263	042096	077926	106997	139456	171457
019006	042253	080870	109308	139804	171467
019632	043841	080930	109577	141026	171782
019660	043854	081202	109588	142439	171994
019803	044120	081365	110413	142918	172665
019855	044217	081816	110909	143054	172738
019875	044972	081950	111112	143698	176183
019952	045937	082194	111960	143733	176380
020068	046557	083194	112262	144112	176596
021899	046735	084545	112456	144155	177273
022811	047074	085169	112824	144172	178176
022822	048510	085765	113279	145512	178472
023096	049262	085908	113285	145525	179521
023191	049403	085921	114271	146812	181888
023382	049612	085971	114915	147124	181939
024153	049978	087090	115181	147466	182169
024796	050083	087510	115584	148107	182532
025662	050131	088004	117732	150186	182909
025734	050466	088474	118420	150799	183174
026923	051878	089304	118463	151247	183815


184398	218554	252042	286791	313066
184659	218819	252775	288249	313290
185230	219178	252959	289124	314775
185471	219433	254565	289666	314953
186212	219671	256081	289984	316222
187874	222226	256116	290462	316716
188336	222379	257894	291129	316885
188373	222579	258312	291534	318080
188880	222879	259473	291831	318169
189005	224390	259746	292183	318942
190434	224962	259776	292244	319480
191742	225610	261421	292647	320496
193787	226530	261798	292988	320617
194246	227022	262220	295277	321205
195134	227507	262724	295329	321678
195490	227983	263777	295342	321687
195530	228070	264072	296060	322957
196433	228086	264731	296414	322983
198208	228406	266387	296492	323253
200169	228803	267595	297102	323374
200193	229042	267799	297157	323920
201280	229445	269173	297418	325502
201584	229743	269373	298008	325732
203244	230805	270038	298013	326890
203333	230909	271433	298527	327465
203604	232105	271623	299402	328316
203761	232575	272171	299566	329327
205054	233938	272266	299743	329678
206303	234150	272369	300043	330715
206852	234528	272680	300316	331123
206944	234554	274938	300842	331729
207504	239446	275199	301717	332955
207759	239812	275882	302761	334118
208892	240092	276645	303393	334792
208905	240523	277549	303926	334811
209204	241189	277883	304061	335022
210160	241304	278029	304871	335723
210511	241568	278413	306348	336062
210652	241608	279110	306543	336573
211482	242729	280019	306723	336644
212174	243199	280862	306732	337220
212466	244914	280979	306820	337974
213006	247672	281496	307030	339496
213306	248264	283111	307508	340182
213461	248368	283236	308016	340284
214545	249239	283671	308508	341010
215407	249743	284830	310099	341169
215549	250005	284950	310284	341174
215679	250438	285011	310613	341433
216241	250605	285351	310867	341670
216552	251237	285968	312237	341969
218429	251545	285990	312729	342611


343173	374004	407303	436852	466427	496864
345754	374429	407313	437078	467031	496916
345846	375106	407343	437537	467831	496963
346592	375135	407719	437713	470020	497465
347232	375179	407747	438887	472222	498344
349543	376251	409013	438905	472272	499787
350062	376320	409722	439255	472877	500006
351138	377050	409968	439571	473174	500340
352039	377081	410781	440270	473349	500450
352748	377305	412068	440619	474109	500906
353541	377708	412318	440882	475551	503742
354954	377990	413347	441323	476065	505095
355580	378251	413869	442046	476157	506646
355775	378761	415338	442081	476891	507006
355980	378881	415340	442249	478528	507105
356157	379451	415474	443314	479015	507173
356474	379863	415673	443576	479477	508303
357055	380077	416856	444110	480133	509042
357779	380603	417017	444396	480566	510068
358008	380727	417191	445274	480812	510092
359237	380781	417519	446282	481444	510611
359408	382549	417549	446451	482168	510765
359842	382823	417809	447033	482222	511150
360381	384062	420545	448293	482603	512109
360664	384121	421580	449359	482765	512592
360678	384633	421624	449807	483655	513869
360888	384666	421911	450795	484695	513910
361025	384858	424143	451234	484957	514258
361381	385053	424664	454808	485141	514556
361895	386912	424915	455034	485485	514754
362019	387013	424979	455106	487732	516080
363267	387861	425116	455157	488134	516275
364931	388796	425265	455340	488442	516686
365051	388898	425363	455470	489467	516958
365795	389742	426507	455550	489755	517651
366374	390298	426944	455707	489775	518279
366485	392085	426972	455955	490068	518526
366621	393269	427106	456089	491314	518916
367250	395982	429811	457364	491357	519273
367303	399954	430924	457741	491420	519499
367337	400086	431215	458356	491712	520499
368648	400195	431776	459812	492617	522121
369033	401204	431937	459959	493536	523858
369553	401877	431991	460081	493566	524366
369742	402351	432226	461975	493749	524891
369988	402353	432346	461999	495216	525589
370140	403023	433841	462052	495270	525759
370430	403536	434651	462294	495750	525867
371164	405197	435340	462373	496609	526314
371707	405451	435373	462499	496614	526682
373209	405874	435683	463528	496701	526804
373611	406593	436845	465175	496754	527557


527642	558718	587355	614166	638177
528616	559564	590924	614186	639292
529241	560828	591747	615069	639890
530165	562497	592228	615594	640645
530675	563276	592493	616731	641670
530808	564388	593240	617355	642102
530892	564546	593751	617661	642923
531148	564569	593788	617748	643285
531170	564605	594399	618430	643487
532349	564899	594662	618525	643930
533586	564954	594965	618645	644934
534704	566137	595511	618823	645472
534783	566913	596340	618832	645627
537992	567673	597085	619106	645645
538134	568128	597186	619606	646069
538163	568807	597213	619945	647386
538609	568945	597323	620044	648328
538910	569016	597588	621086	648385
539744	569042	597881	621210	649544
540358	570188	598006	622115	649560
540423	570402	598303	623300	649830
540572	571130	599796	623543	650683
540755	571401	600255	625524	651388
541109	572662	601461	626037	652196
541116	573047	601526	626049	652651
541345	573139	601536	626176	652752
542062	573470	601689	626617	653044
542187	574180	602641	626667	653141
542287	575262	603975	627290	653827
542321	575312	603984	627427	654142
542906	576686	604357	627496	654546
542938	577221	604576	627518	655808
543681	578618	605995	628797	656876
543807	578644	606021	628866	657064
544024	578958	606070	628917	657268
545049	579699	606279	630444	659163
546664	580746	608232	631037	659845
547930	580847	608737	631346	661027
548444	581101	608988	632278	661044
548446	582522	609766	632408	661838
548766	583536	610892	632558	663344
550010	583792	611060	633547	665350
551568	584168	611192	633773	666447
551760	584592	611196	634116	666767
551815	585244	611202	634939	667136
553535	585537	612162	635406	668513
553859	585559	612300	635429	668645
555986	585578	612311	635472	668686
556686	586087	613371	635519	668873
557351	586588	613831	636263	669294
557888	586833	614080	637422	669583
558271	586865	614136	637647	670003


670424	698038	735608	759166	786214	812402
671481	699280	736051	759330	786798	812666
671873	699773	736970	759540	787030	813412
672410	700137	737428	759825	787093	816386
675206	700914	737539	760556	787294	816414
676444	702268	738839	760958	787344	816838
678090	702371	738856	761148	788509	817199
678313	702490	738944	761836	789048	817963
678803	704698	739038	761880	790719	818065
678929	706713	739250	764487	791381	818459
679036	706725	740049	764773	791852	818644
679335	708369	740070	765157	791931	819069
679631	709440	740149	765675	791946	819111
679673	711131	740414	765770	791991	819612
679917	713241	740736	766135	794402	821241
680567	714817	741250	766559	794775	821523
680692	715120	742308	766721	794949	821779
681181	715373	743581	766882	795071	821950
682317	716014	743719	767400	795548	822694
682588	716153	743922	767474	795854	823102
683488	716638	745798	767501	795867	823201
683739	717565	745919	767972	796238	823485
684443	718109	746346	769310	796537	824182
684905	720218	747837	770344	796832	824201
685463	720257	748727	771731	798290	824309
685743	720944	749135	771848	798360	824362
686341	721647	749646	772279	798903	824607
686457	721846	750126	772299	799218	825545
686519	723036	750879	773543	799289	825799
686964	724330	751134	773548	799534	826993
686994	724938	751248	773579	799649	828427
688374	726130	751765	773685	800561	828549
689893	726160	752119	774890	800659	828593
690598	726430	752453	775407	800964	829791
691524	726534	752611	775721	801092	830219
692240	727214	752636	775825	801286	830666
692524	727626	752717	777201	801753	831023
692937	727757	752804	777613	802853	831183
692987	727837	753132	778116	803277	831567
693293	728743	753488	779096	803352	831755
693951	730287	754390	779588	803519	831838
694063	730776	754846	780021	803566	831879
694126	731675	754936	780365	804011	831895
694174	732562	755407	780617	804258	832925
694556	733496	756797	781257	804646	833114
694825	733509	757511	781260	805062	833817
696003	733773	757757	782083	809016	833941
696324	734016	757936	782422	809869	834824
696467	734512	758276	782601	810271	835273
697311	734533	758687	783156	810469	835620
697826	735452	758979	784156	811391	835936


836502	872820	908715	945377	972230
837578	873501	909821	945612	974200
837659	875041	910520	947847	974210
837904	875153	910920	948429	974941
838338	875978	913601	948559	975459
838376	876959	913975	948910	975912
838678	878509	914497	949110	976571
839215	878593	915624	950019	977759
839476	878749	915650	950475	978435
840278	879131	915735	950681	979668
841120	880024	917231	951266	980399
841317	880661	917893	951585	981027
843900	880705	919774	952188	982974
844044	880765	920068	952374	983940
844329	881105	920246	952578	984373
846782	881325	920385	952714	984978
847007	881343	920915	953990	985252
850433	883707	921462	954140	985569
851407	884145	922248	954646	985667
851621	884830	923031	955090	985888
851670	884925	925472	955296	986206
852292	886814	925512	955683	986850
852673	889830	925693	955813	986894
852909	891654	926623	956221	987268
854013	891954	926829	956277	987665
854839	893411	927221	956437	987672
855480	893957	928929	956706	989823
855499	895842	930373	957153	991713
855623	896529	930622	958701	992113
858148	898005	930627	959130	992437
858429	898131	931350	960563	992524
858528	899072	931443	960655	992740
859820	899520	932389	960897	992992
859980	900192	932501	960909	993595
860007	900367	932507	962230	993964
861167	900470	932647	963711	994639
861825	901607	933833	963897	995799
861971	903041	933839	964105	997950
862311	903586	936069	964371	998081
864045	904276	936249	965678	998607
864482	904383	937056	965781	999436
865968	904442	937749	966541	999989
867292	904766	937800	967280	XXXXX
867958	904932	938978	969153	XXXXX
869497	905453	939836	969384	XXXXX
869552	906088	939961	969591	XXXXX
870271	906862	940841	969762	XXXXX
870754	907550	941022	969825	XXXXX
870828	907968	941191	971372	XXXXX
872237	908618	941642	971435	XXXXX
872403	908636	944755	972114	XXXXX

