DRAW RESULT OF RS.1,500/- DENOMINATION NATIONAL PRIZE BONDS-103rd DRAW    

First Prize of Rs.3,000,000/-

790468

Second Prize of Rs.1,000,000/- each.

031085    193673     607650

Third Prize 1696 PRIZES OF RS.18,500/- EACH

000752	032848	059081	085757	118349	142078	175144	202426	228289	259903	287723
001151	033154	060286	087093	118958	142652	175701	203174	228777	261343	288106
001592	033503	061148	087472	119319	143698	175920	203191	230041	263153	288206
002946	033874	061284	088970	119717	144204	176137	203516	230166	264367	288706
003513	035717	061334	089095	120297	144866	176294	203641	230984	264801	289550
003844	036871	062492	089230	120401	145352	176321	203677	231684	265064	289886
004324	037306	062946	090036	121935	145533	176791	203801	232121	265392	290356
004620	037415	063498	090178	123415	146005	176833	205117	233737	267672	290454
004963	038292	063499	090186	123452	146093	177009	206434	234803	267877	291175
005323	038769	064058	090213	124203	147691	177160	207079	235600	268479	291184
005941	039195	064301	090738	124470	147914	177460	207370	235606	269221	291203
007484	040869	064313	091435	125438	148448	177850	207460	237066	270692	292835
007581	041376	064482	091860	125452	148593	178358	207973	237266	271281	293591
008492	041671	065343	091879	125633	148808	178924	207978	237566	271393	293971
008914	042186	065720	092132	125940	150304	180717	208407	237866	271510	294304
009552	042200	066734	092837	126021	150537	181628	209331	239173	271782	295415
009669	042272	066948	093228	126037	150538	181655	211170	240123	272125	297032
009988	042321	067107	093762	126573	151343	182048	212061	240377	272340	297885
010389	042539	067933	094237	126634	153564	182689	212275	240676	272435	298145
010504	043299	068609	097529	126896	153685	183872	212347	240980	272705	299532
010675	043868	068836	098633	127228	154405	186091	214627	241207	272801	299932
010884	043875	068921	098934	127460	154635	186448	215147	241663	273088	300568
011395	044688	069403	099374	128983	156121	187303	215236	243882	273373	300847
011527	044877	070172	099614	129400	157666	187364	215640	244773	273904	301487
011547	045110	070837	102352	129526	158579	188693	216540	244813	274220	302592
011566	045484	071567	104743	130138	159327	189994	218254	244917	274291	303511
011585	046654	071732	105256	132368	159853	190313	218479	245505	274703	303525
014716	046703	072301	105432	132597	159873	191216	218932	245545	275170	303545
014786	046929	073248	105781	133604	159993	191485	218949	245555	275314	303925
014903	047367	073407	106833	133659	160160	191592	218979	246048	275450	305580
016192	047515	073475	107041	133706	161142	191986	219487	246192	275782	306902
016675	047781	073507	107194	133707	161651	192498	219701	246660	275843	307111
017394	047882	074160	107847	134100	162302	192763	219797	247024	276099	307541
018015	047901	074362	107867	134404	162441	192970	220067	248612	277316	308265
018577	048701	074412	107941	134549	165190	193144	220116	248854	279017	309297
018732	049116	074580	108086	134603	166043	193488	220801	249030	279471	309586
018936	049169	075000	108152	134624	166222	194847	220844	249113	279606	309909
019333	049701	075055	108552	134649	166844	196398	220995	249442	279962	310785
019791	050393	075396	108704	134907	167469	196427	221640	249550	280664	313266
020714	051629	075970	110785	135149	168080	196669	221697	251207	281236	313452
021094	052505	076171	112231	135356	168117	196979	221736	251417	281410	313689
022219	052707	076196	112333	135422	168640	196993	222552	252654	281959	314121
022762	052710	076325	112733	135488	169527	197417	223036	253244	281977	314184
024459	053276	079819	113400	135638	170461	197911	223655	253328	282605	314359
024939	053285	080302	113639	135720	170962	198251	224686	256149	283318	314436
025799	053382	080572	114368	135812	171207	199094	224923	256480	283803	314617
025895	053773	080801	114716	136668	171772	199253	224950	256734	284043	314996
026610	053855	081782	115231	137018	172510	199785	225683	257352	285658	315035
027438	054244	081790	117170	137810	172558	199961	225693	257448	286508	315118
028821	056713	082631	117389	138047	172709	200489	225933	257710	286695	315214
032261	056852	083088	117889	140214	173105	200608	226539	257976	287319	315277
032397	057833	084076	118341	141245	175133	201611	227700	258778	287617	315411


315492	348956	380698	414182	449048	480283	504052	530239	566406	591438	621855
315507	349449	381115	414451	449082	481590	504635	531167	566819	591634	622782
317038	351013	381544	415997	449088	481643	505647	532166	566917	592621	623360
317205	351842	382597	417476	449789	482988	505789	533455	567363	592894	623494
317897	352733	384419	417598	449931	483650	505841	534225	568601	593453	623652
320482	352972	384709	418509	450301	483724	505920	534710	569110	593532	624594
320560	353776	385286	418678	451091	485171	506475	534989	571224	593664	624629
320669	353815	387130	420517	453853	486449	507381	538363	571542	594511	625932
321147	354545	387510	420620	454864	486923	507613	539207	571601	595507	626440
321357	354727	387769	420648	456065	488791	507779	542391	572478	596555	627510
322212	356208	388069	420690	456723	490141	507979	542480	572532	597394	627638
322413	356528	388604	421054	456814	490324	509430	543733	572808	597870	628525
322513	358764	390903	421312	457616	490653	509589	544075	572956	599029	628787
324029	359536	391437	421393	457765	490733	509925	544430	573033	600121	629814
324131	360501	392104	423245	457778	491030	510790	547807	573727	601553	632686
324464	360628	392191	423471	457939	491060	511030	548381	574785	602446	632939
324980	361270	392935	424729	458114	491070	511054	548848	575466	602952	633515
325208	362362	393014	424745	461378	491279	512992	549004	575560	603700	633730
325232	362779	393547	424797	461864	492621	513071	549057	576208	604291	633776
325399	362879	394035	426707	462337	494579	513089	550252	576365	604644	634076
325692	363071	395205	427232	462420	495053	514018	550266	576516	605328	634119
325799	365558	395295	427332	462528	495055	514282	550837	576801	605396	634317
327426	366411	396653	427572	462857	495712	515046	550867	577189	605547	637106
327693	367501	397691	428951	463401	496325	515223	550947	578386	605773	637628
328774	367949	398042	429089	464232	496461	515360	552712	579001	606031	638604
329528	368798	398259	429376	464890	496730	515573	553539	580138	606492	640080
330554	369181	399976	429588	465002	497014	516122	553773	580334	606679	641617
330734	369371	401081	430404	465443	497384	517232	554470	580716	608130	644300
331711	370935	401182	430411	465674	497928	517328	554985	580740	609181	644617
333084	372039	401250	431404	468360	498397	517734	555150	580820	609506	647788
333372	372089	401510	431495	468547	498445	518096	555703	581439	610511	647839
333891	372220	401628	431943	469006	499241	518714	556465	582279	610654	647980
334816	372232	401640	433442	469392	499458	518782	556893	582548	610839	649102
336376	372320	402311	433447	470252	499497	518842	556898	583306	611182	649373
336776	372514	402457	435452	470267	499604	518899	558511	584057	611227	649417
337022	373278	402593	435688	470410	499606	519000	559461	585283	611709	649493
337452	373844	402847	435973	470473	499623	519491	559532	585437	612050	650469
337594	373965	403847	436070	470486	499867	519533	559680	585622	612310	651365
337728	374467	403925	436493	470952	500102	520532	559919	585689	612442	653445
338255	374769	406310	438291	470994	500778	521089	560093	585803	612602	653449
338359	374874	407206	439621	471357	500784	521732	560977	586552	612764	653599
338767	375166	407341	439680	471416	501412	523533	562142	586873	612994	653856
339695	375690	407538	443156	473366	501927	524172	562230	586950	614910	653979
342409	376426	407561	443417	475166	502159	525375	563831	587455	615051	654833
343124	376452	407699	444130	475214	502773	525714	564113	587519	615137	656443
343741	376614	410154	444892	475401	502879	526413	564119	588420	615604	657122
344247	376700	410155	445940	475520	503236	527035	564532	588618	616099	657185
344777	376872	410885	446866	475834	503262	528221	564613	588810	617078	657695
345452	378216	411528	446968	476342	503276	528451	564713	589126	618343	658222
347186	378414	412796	447104	476886	503328	529208	564913	589773	618962	658335
347347	379556	413375	447739	476890	503580	529497	565263	589800	620052	659143
348438	379558	414107	448088	478894	503828	530025	566353	591437	620536	659630


659701	683767	711776	735913	771501	799395	835387	872381	899866	939539	973387
660458	684890	712222	736353	771950	799532	835480	872906	899935	940085	974281
660749	684901	712896	737329	772145	799727	835769	872951	900351	941398	974601
662317	684921	712921	737961	772800	799830	836770	873002	900442	941405	975052
662336	685091	714176	738059	772986	801102	836884	873012	901174	941776	975193
664500	685550	714329	738641	773318	801194	837172	873192	902339	943312	975582
664714	685655	714407	739449	773509	801406	838124	873208	902623	944583	976661
664951	685785	714661	739968	773723	801975	838505	875220	902791	944982	977360
665070	685791	714804	741283	774294	802750	838779	876824	902995	945323	977488
665089	686409	714982	741439	774692	803341	838844	877919	903838	945452	977709
665132	686849	715002	741827	774854	803577	839163	878015	905354	947459	979945
665220	689552	715241	742227	775229	803732	839186	878026	905465	947671	980155
666226	690072	715624	742641	775600	804448	839686	878527	906399	948696	980157
666513	690306	715693	743526	775966	804518	840486	878751	907065	949460	982626
667781	690313	716018	743855	776232	804991	841848	878770	907251	949734	983349
668012	690974	716040	744233	776237	805484	842084	879155	907315	949979	984756
668260	691524	716835	744702	776644	806226	843965	879220	907341	950428	985308
668461	691533	717262	744930	777089	808614	845718	880009	908598	951077	985454
668865	692063	717491	745235	778779	808816	846868	880029	908825	951965	986366
669022	692657	718527	745273	780358	810626	847768	880495	909954	953170	987564
670081	694921	718589	745787	780458	810717	849810	880706	910122	954062	988462
671119	695178	718615	746102	780558	811403	850923	880736	910345	955997	989792
671772	695519	718866	746274	781036	811731	851505	880756	910383	956594	990091
671839	696711	719665	748771	781442	813632	851509	881158	911959	957039	990960
672124	696787	720477	748865	783808	814682	852986	881776	912047	958532	991134
672424	696999	720514	749709	784116	815376	855548	882591	912506	960276	991448
672444	697004	721205	750064	784767	815717	856489	882617	915796	960815	992412
673471	697518	721503	750560	786244	815757	856500	884394	916238	961060	992765
674058	698400	722234	751157	786689	817142	858661	884709	916545	962439	993345
674276	700093	722369	752423	786735	818207	858868	884879	916761	963198	994171
674694	700569	722440	753363	787308	818319	859031	884901	917142	963539	994390
674915	701011	723457	753476	787554	819456	859472	884960	917872	963744	995104
675345	701952	724335	753572	788159	819506	859485	885373	917974	963863	995623
675691	702393	725039	753632	789522	819960	860006	885604	918190	963890	995851
675766	702598	725416	754967	790272	820314	860388	886529	918254	963897	996793
675837	702732	726142	755720	790427	821348	860637	888091	918874	964038	996856
675935	703284	726373	756303	790713	821485	862097	888443	920763	964793	996863
676224	703825	726559	756364	791361	821851	864451	890328	920764	964890	997529
676903	704110	727536	756632	792447	822797	867233	890463	923321	965426	998289
677552	704125	727578	757023	793817	822944	867384	890513	926256	965481	999294
677789	704723	728924	759804	794450	823975	867388	890582	929130	966758	999322
678158	705727	729466	761371	795526	824119	867539	890712	929879	966851	999457
678377	707416	729923	762015	795739	824416	867730	890965	931435	967599	xxxxxx
680271	707423	730243	762798	796157	825130	867788	891184	934630	968125	xxxxxx
680451	707562	731456	763677	796400	825869	868968	891195	934910	968129	xxxxxx
680806	707858	731702	763997	796444	826267	869797	892150	935779	968385	xxxxxx
681168	707941	731740	764424	797112	828368	870836	892228	936118	968552	xxxxxx
682222	709965	732846	764532	797990	830025	871023	893467	938069	969121	xxxxxx
682248	711019	733733	765012	798402	830973	871085	894014	938122	971228	xxxxxx
682673	711064	734222	771150	798748	834465	871630	894663	938774	972442	xxxxxx
683316	711593	735294	771283	799239	835069	871642	899608	939367	973035	xxxxxx
