                       DRAW OF Rs.200/- PRIZE BOND

		        HELD AT QUETTA
Draw No.94th				

Series:	Common Draw					Date:15/06/2023

----------------------------------------------------------------------------------



First Prize of Rs.750,000/-



474587

----------------------------------------------------------------------------------



Second Prize of Rs.Rs.250,000/- each.



103144   520392   604579   643157   709747

----------------------------------------------------------------------------------	

										

2394 Prize(s) of 1250/-  Each


000089	019933	042520	069306	091200	115345	136020	160892	182990	204484	231021
000425	020041	042706	070174	092451	115452	136100	163040	184299	205135	231482
001829	020061	043490	070663	092987	116864	137115	163074	184674	205850	231582
002725	020145	043923	070896	093087	117749	138099	163824	184743	205963	232189
003327	020440	044075	072392	093695	118006	138119	164263	185184	206146	232510
003461	023277	045617	072784	093997	118183	139550	164541	185683	206477	232579
003513	023430	045837	073406	094455	118288	139560	165191	186853	206510	233386
003672	023506	046280	073846	094621	119040	139737	165567	188787	207333	233617
004738	024076	046490	074076	094729	119157	140073	167098	189281	207490	233638
005047	024241	046875	074810	095492	119315	140563	168172	189766	208910	234198
005319	024853	048158	074968	096717	119684	140640	168591	189966	209069	234570
005888	025720	048472	074991	096834	119837	140771	168873	189973	209375	234807
006087	027248	048931	075885	097323	119858	143332	168897	190017	209784	234881
006123	027651	048996	075935	098251	120259	143674	168901	190391	209825	235042
006207	027784	049533	076019	099368	121254	144445	169057	191122	209846	235441
006510	028693	050472	076266	100003	121449	144516	169323	191243	209909	235545
007000	028733	051290	076353	100299	121450	144692	169370	191253	210961	235561
007089	028976	052482	076726	100647	121703	144706	169539	191694	211348	237384
007472	029033	052868	076858	100817	121763	145143	169593	193018	211563	237421
008102	029207	053000	076875	100823	122202	145189	170026	193220	213200	237859
008861	029215	053021	077934	101620	123238	145519	170778	193770	214170	238273
008966	029452	054278	079133	102394	123260	146111	171155	193874	214211	238740
009046	029638	055212	079463	102416	123636	146873	171516	193999	214924	239086
009345	029786	056089	079575	103173	124086	147331	171519	194498	215521	239936
010192	029988	056291	079746	103267	124186	149993	171885	194504	215661	240984
010247	030441	056465	079921	104857	124343	150182	171899	194908	215821	241145
010465	031098	056563	080301	105466	124822	150398	172192	195515	216691	241766
010570	031274	056688	080715	105541	125011	150745	173547	195550	217027	243145
010673	031774	057045	081021	106045	126012	151126	173586	195961	217645	243353
010749	031844	057790	081209	106288	126443	152406	173608	196409	217926	243578
010976	032248	058117	082685	106984	126828	152860	173874	196682	218074	243746
011050	032789	058179	083182	107045	127271	153108	174764	197171	219709	243945
011084	033363	058901	083401	107070	127774	153134	174957	197492	220184	244006
011569	033481	059133	084213	107130	128268	153334	175260	197689	220329	244073
011875	033587	060066	084338	107464	128720	154002	175497	198100	220460	244225
012355	034250	060674	084348	107519	130165	154036	175802	198117	220834	244608
013225	034333	060743	085470	107712	130576	154046	176147	198436	221082	244828
013578	035006	061994	086401	108045	130848	154257	176524	198767	221966	245169
013666	035523	062482	086795	108607	130920	154553	176700	199011	222229	245212
014482	035828	062511	086889	108637	130994	154869	176918	199247	222755	245429
014954	036118	063821	087050	108942	131323	155254	177262	199821	224097	245602
015125	036750	065435	087677	109043	131544	155376	177363	199895	224482	245980
015764	036841	065537	087921	109159	132024	155538	178505	199953	225075	246019
015976	037673	065751	087986	109288	132049	155633	178560	200895	225280	246312
016008	037789	066191	088096	109601	132103	156317	179078	201400	225384	246949
016701	038089	066862	088211	110090	132445	157880	179190	201494	226062	247150
016826	038554	067128	088645	110450	132549	158203	179917	201873	226509	247206
016831	038848	067499	088769	110932	132890	158339	180466	202036	227402	247312
017673	039291	067823	088902	111714	133810	158807	180559	202157	228613	247581
017953	040014	067878	089523	112793	134080	158847	180803	202718	229012	248214
018299	040309	068427	090142	112795	134101	159041	181327	204273	229309	248822
018494	040389	068848	090272	113409	134482	159357	182089	204329	229988	249447
018829	040587	068904	090585	113679	135082	160248	182300	204418	230469	249903
019283	040724	069001	090622	113941	135597	160265	182437	204434	230924	250992
019914	041036	069057	090914	115015	135639	160623	182513	204478	230926	251188
										
										
251917	272753	300616	319935	345399	368888	393086	411104	434714	454941	476577
252838	273033	301436	319949	346483	369461	393508	411180	434847	455359	476591
253590	273600	302335	320044	346533	369673	393578	411202	434977	455581	476619
254117	274759	302844	320064	346796	370118	393826	411846	436389	456029	477566
255453	275554	302845	320809	347048	370581	394267	412041	436668	456097	477667
255493	275609	302903	321052	347590	372810	395432	412308	436967	456341	477747
255790	275805	303886	321211	347760	372945	395443	412351	437383	456398	477929
255911	277064	304167	321341	348077	373104	395823	412821	437987	457078	478133
256249	277827	304352	322512	349177	373379	396022	414383	438515	457564	478570
257598	278232	304862	322675	349456	373437	396721	416014	439416	457668	478786
257831	278717	304938	323587	350011	374091	396780	416062	439493	458385	479450
257968	278930	305301	324257	350117	374366	398106	416078	439501	458795	480854
258356	279060	305822	325206	350123	374370	398207	416521	439511	459249	482356
258821	279259	306111	325307	351085	374673	398630	417259	439917	459395	482381
258926	279461	306910	325590	351166	375604	398714	417419	439939	461276	482934
258927	279818	306946	326037	351353	375675	399095	417826	439981	461662	483702
258995	279896	307401	326123	351367	375811	399159	417980	440168	462148	484779
259438	280898	307730	327379	351981	376010	399633	418455	440705	462958	484850
260035	280909	308231	327847	352054	376240	399830	418529	441011	462960	485158
260162	281965	309042	328015	352160	376989	400015	418990	441079	463423	485383
260223	282921	310127	329837	352720	377013	400084	419182	441189	463837	485426
260341	283004	310143	330636	352831	378432	400453	419473	441424	464574	485669
260805	283048	310187	330668	353026	378455	401266	419495	442673	464868	486838
261493	283053	310763	330678	353231	378703	402137	419857	442674	464985	487840
261718	283177	311243	331239	353352	378818	402231	420978	442894	465140	488049
261865	284967	311677	331452	353865	378833	402571	421268	443595	466327	488288
262634	285470	311777	333933	354847	380570	403506	421271	444538	467057	488376
262978	286251	311799	333987	354901	381478	404216	421857	444782	468430	489000
263631	287422	311874	334675	355980	381580	404973	423174	444835	468849	490081
264157	287894	312124	334767	356363	381919	405638	423617	445365	469158	490208
264330	288227	312586	334984	357567	382480	405779	424797	445919	469537	490836
264346	288612	312859	335659	357921	382587	405949	424840	446055	469774	490859
264569	289232	313200	336560	358068	382776	405972	425157	446942	469786	491639
264700	291526	313211	336711	358649	383377	406153	427080	447482	469971	491727
265200	291535	313360	337418	359054	383879	406830	427488	448082	470557	492297
265358	291562	313588	337877	361287	384026	406840	427641	448342	471205	492906
266478	292589	313653	338110	361658	384699	406920	427804	448345	471628	492923
266511	292601	313664	338226	362177	385687	407420	428221	448913	471654	494352
266567	292944	313697	338276	362580	386543	407583	428460	449949	471895	495344
267504	292984	314329	338386	362723	386663	407858	428987	450058	472187	495824
268131	293846	314793	340129	362960	387421	407919	429522	450494	472786	495942
268543	294726	315109	340188	363377	387633	408190	429822	450547	473479	496297
268822	295010	315159	340232	363554	389929	408225	430551	450713	473512	496460
268834	295108	315410	340646	363720	390205	408293	430680	450945	474650	496681
268841	296585	315432	340815	365902	390601	408340	430766	450959	475539	496832
269165	296703	315567	340822	366459	391468	408798	431402	451375	475728	497548
269527	296764	316999	340962	366577	391496	408803	431518	452053	475752	497707
269733	297292	317271	341047	366781	391754	408984	431959	452301	475876	497943
270420	297614	317491	341804	367284	391954	409183	432071	452379	475940	498173
270772	297670	318175	341917	368144	392075	409342	432143	452484	476083	499313
271067	297802	318300	342193	368290	392552	409669	432531	452599	476288	499568
271514	297852	318406	342362	368291	392666	409857	432858	452934	476327	499781
271635	298692	318455	343161	368365	392711	409881	433710	453055	476354	499943
271943	299849	319464	344528	368553	392990	410038	433998	453996	476416	500410
272047	300480	319738	345218	368700	393052	410576	434359	454207	476434	501416
										
										
502604	525259	550120	573313	594530	614138	636503	660008	683742	711110	734135
502622	525696	550211	573540	594620	614237	636726	660236	684882	713877	734801
502661	525998	550440	574065	594668	614415	636745	660605	685583	713998	735057
504491	526513	550466	574416	594671	615484	637017	661086	685630	714095	736665
504738	527963	550686	574803	594769	615647	637026	662568	685745	714855	737204
504914	529009	552087	574929	595054	615763	637549	662700	686512	714924	737710
506299	529405	552425	575123	595302	616610	637841	662796	687072	715057	737740
506649	532469	552740	575136	595319	616817	638683	663846	687774	715072	738166
506740	532992	553052	575186	595905	617070	638709	664036	687999	715174	738220
506820	533560	554178	575402	596154	617601	638812	664161	688072	715442	738356
507020	533753	554902	575677	596280	617963	638896	664953	688412	715928	740630
507566	534090	555268	576581	596544	618101	639420	665225	688656	715981	740910
507650	534779	555488	577050	597060	618226	639555	665323	690728	716584	741859
507967	534830	555744	577127	597237	618754	639557	665516	691922	716681	742207
508082	535485	555991	578064	597268	618759	640229	667225	692620	717537	742620
509640	535687	556321	578322	597913	619172	640795	667878	692981	717906	742660
509951	536183	556670	578733	597987	619642	640986	668451	693280	718175	742721
510172	536572	556771	579540	599613	619807	641496	668497	693763	718190	743255
510275	536769	557206	579593	600506	620274	641544	668599	693959	718376	743418
510378	537042	557502	580077	601076	620898	641611	669446	694301	718482	743577
510770	537590	558288	580194	601155	621203	641884	671013	694815	718508	743922
510855	537736	558356	580301	601292	621294	642690	671576	695275	719684	744524
511453	538227	558387	580921	601825	621412	643440	671666	695551	720741	744637
511565	538276	558533	580948	602248	621942	643927	671709	696094	721241	744677
511693	538520	559463	581064	603097	622048	644533	671895	696265	721432	745567
512034	539178	559840	581184	603896	622893	644564	671975	696717	721658	745693
512784	539334	560140	581303	603954	623860	644705	672808	696773	721702	745780
513599	539410	560357	581534	604228	623953	644715	673043	697423	721816	745825
514227	539787	560535	581927	605049	624966	645115	673336	697511	721852	746055
514896	539993	560643	582541	605190	625322	645510	674268	697564	722154	746699
515922	540026	560715	582667	605366	625332	645607	674530	697815	722161	747416
516378	540089	560762	583503	605499	625598	645824	674775	697882	722698	747672
516719	541075	561427	583888	605597	625802	646146	675009	697984	722936	747756
517040	541142	561919	584195	606207	625869	646346	675503	698046	723793	747806
517474	541631	562213	584632	606310	626095	647471	675864	698791	724904	747826
517635	542143	562671	585613	606368	626769	647843	675955	698883	725243	748429
518268	542513	564483	585971	606595	627830	648824	676105	699418	725302	750962
518287	543509	565053	587497	607656	627899	650056	677049	699485	725518	752533
518464	543609	565354	587653	607741	627974	650574	677120	701468	725557	752611
518522	543700	567073	587837	608614	628471	650677	678331	702661	725641	752727
518638	543904	567784	588070	608624	629837	650878	678601	703101	726282	752743
519378	544252	567981	589821	609178	630084	651772	679062	703370	727293	752754
519566	544511	567984	589871	609270	630100	652051	679147	704540	728082	754337
519837	544644	568003	590123	609393	630572	652112	679355	705073	728732	755405
520313	544884	568159	590125	609499	631336	652491	679921	705597	729717	755483
520465	546004	568564	590642	609910	632590	652683	680654	705683	729808	755814
520842	546186	568633	590728	610053	633064	652727	680929	705726	730238	756413
521302	546251	569023	591070	610255	633822	654962	681148	705955	730923	756572
521433	546273	569902	591789	610396	633978	655062	681345	706536	730925	757265
522233	546679	570151	591838	610961	634069	655145	681762	706706	731239	758074
523265	546846	570213	591839	611000	634147	656095	681920	706940	732108	758104
523617	547368	570415	593024	611534	634698	656287	681975	708039	732605	758252
524433	549074	571089	593168	612047	635107	656984	682249	709737	733101	758941
524511	549199	572317	593400	612185	635605	657037	682364	709967	733249	759054
524638	550045	572331	593952	613800	635945	659517	682375	710886	734054	759241
										
										
759508	785521	811033	832756	853264	879237	898976	921216	942257	956830	984529
760025	785924	811568	833072	853723	879711	899280	923792	942425	957367	985115
760146	786059	811634	833452	854512	880017	899599	923850	943196	957805	985350
760166	786503	811665	833562	855422	880308	899972	923872	943258	957829	985608
760271	786573	811877	833646	856361	880760	900298	924173	943319	957971	985995
761929	786749	811948	834031	856707	880778	901055	925052	943662	958863	986754
762876	787098	812032	834659	856868	882084	901474	926845	943758	959210	987297
764627	787422	813755	834773	857233	882575	901745	927345	944582	959682	987963
765888	787439	814055	835643	857473	882606	902604	927743	944666	959900	988621
766013	788713	814065	835938	857580	883204	902770	928005	944680	960209	989356
766412	788995	814405	836445	858296	883448	902799	928125	944953	960473	990242
767119	789774	814661	837244	859292	883604	902809	928542	945566	961643	991054
767309	790312	815582	837838	859354	883760	903013	928568	945647	961862	991115
767380	790398	815594	839672	860032	883969	903097	928582	945992	962422	992936
768830	790575	815812	839701	860473	884571	904076	928654	946059	962651	993007
768947	790710	816028	839909	860750	884926	904898	928860	946143	962977	994584
769378	790715	816059	840162	861919	885210	904922	929031	946343	963840	996030
770626	790745	816216	840305	862112	885377	905105	929055	946677	964349	996261
770768	791662	816684	840521	863102	886338	906443	929470	946877	964689	996669
771787	791767	818455	840638	863663	886370	906740	929478	947496	965671	996736
772683	791875	819012	840842	863970	886546	906934	930374	947697	966118	996816
772692	791959	819114	841317	865106	887788	907002	931014	948080	966414	997277
772841	792871	819885	841352	865534	888304	907224	931063	948584	966545	997525
773455	793666	819964	841653	865717	888820	907427	931550	948628	966936	997760
773913	794573	820513	842149	866615	889366	908343	931744	948919	966997	997946
774560	794852	820606	842574	866957	889467	908669	932528	949194	967124	998847
774677	795190	820713	842726	867041	889554	909241	933202	949712	967521	999206
775015	795672	821175	843193	867249	889825	909886	933255	949915	969352	999325
775081	795796	821502	843259	867828	890129	909949	933289	951425	969464	999964
775588	796090	822437	843657	869422	890240	910278	933816	951667	970295	xxxxxx
776113	797113	823096	843665	870077	890437	910445	933837	951690	970658	xxxxxx
776220	797411	823147	843666	870110	890548	911072	933872	951710	972123	xxxxxx
776815	797994	823435	843994	870275	890949	911184	934119	951779	973414	xxxxxx
778539	799028	823469	844253	870375	891348	911570	934382	952385	973457	xxxxxx
779144	799498	823611	844976	870484	892979	911580	935245	952635	974013	xxxxxx
779465	799525	823643	845159	870600	893183	912111	935350	952998	975801	xxxxxx
779985	801934	823733	845315	871041	893468	912999	936857	953530	976253	xxxxxx
780089	802332	824353	845770	873086	893571	913293	936936	953576	976267	xxxxxx
780113	802938	824486	846746	873220	894449	913902	937069	953630	976919	xxxxxx
780180	803126	825229	847328	874091	894639	913989	937188	953857	976972	xxxxxx
780302	803633	825264	847672	874233	895129	914408	937815	954019	977266	xxxxxx
780643	803961	825376	847815	874751	895423	914531	938435	954114	978172	xxxxxx
781152	804101	825710	848169	874986	895474	914873	938935	954568	978245	xxxxxx
781226	804511	825726	848685	876111	895829	915631	939468	954659	978570	xxxxxx
781780	805198	825785	849050	876998	896415	915765	939588	954774	978920	xxxxxx
781853	805212	826101	849095	877200	896525	915789	940355	954842	979006	xxxxxx
782521	806137	826582	849209	877379	896589	916199	940377	955263	980330	xxxxxx
782568	806145	826699	849358	877618	896699	916503	940665	955344	980711	xxxxxx
782935	806371	827975	849649	877717	896787	916504	941044	955462	980928	xxxxxx
782939	806461	828591	849895	877910	896852	916576	941211	956129	981754	xxxxxx
783041	808333	828786	850283	877945	897111	916594	941554	956171	982302	xxxxxx
783393	808657	828926	850782	877970	897275	916802	941632	956189	982693	xxxxxx
783874	808797	830828	851100	878188	898389	917428	941872	956246	983254	xxxxxx
784187	809426	832362	851390	878321	898765	919284	941930	956278	984271	xxxxxx
785240	810033	832512	852319	878589	898843	919659	942099	956475	984330	xxxxxx
