                       DRAW OF Rs.200/- PRIZE BOND

		        HELD AT HYDERABAD
Draw No.91st				

Series:	Common Draw					Date:15/09/2022

----------------------------------------------------------------------------------



First Prize of Rs.750,000 /-



130876

----------------------------------------------------------------------------------



Second Prize of Rs.Rs.250,000/- each.



280613   394428   528664   825163   906932

----------------------------------------------------------------------------------	

										

2394 Prize(s) of 1250/-  Each


000389	019901	040204	064976	089375	112645	136235	161942	184932	206531	231616
000428	020045	040289	065025	090629	112885	136393	162149	185479	206646	231672
001985	020323	040416	065350	090720	113297	138063	162246	185796	207170	232167
002044	020943	040813	065483	091179	113754	138368	162591	185860	207537	232789
002257	020951	040917	065703	091261	114139	139311	163030	186162	207538	236608
002593	021037	041419	066127	091408	114653	139644	163499	186356	207757	237316
002610	021706	042983	066885	091892	114833	139798	163518	188256	208023	237619
002871	021819	044393	066968	092259	115185	139936	163555	188670	209590	237775
002881	021839	045032	068267	092459	116179	140823	164060	189141	209647	237887
002898	022884	045041	068298	092700	116321	141032	164807	189245	209701	237890
003163	022892	045234	068695	094834	116673	141124	165120	189270	210065	237891
003823	023066	045907	070228	094992	117198	141135	165418	189434	211588	238069
004275	023147	047273	070631	095314	117548	141587	166055	189559	213022	238108
004304	024467	047717	070675	095729	118445	141649	167377	189692	213388	238148
004417	024956	047974	070717	095972	118640	142734	168197	189784	213415	239437
004553	025209	048097	071674	096799	118735	143431	168247	190568	214496	239777
005426	025407	048639	071817	096848	118809	143503	168606	190922	214920	240649
005914	026069	048712	072679	097232	119376	143722	168660	190930	216754	240680
005966	028233	048829	073828	097413	120510	144618	169341	191259	217864	241234
006641	028766	048842	074618	097812	121137	144900	170431	193322	218257	242263
007051	029125	049133	074781	097839	121348	144963	171117	193879	218449	242735
007646	029299	049257	075411	098150	121608	145172	171345	194434	219639	242867
007744	029478	049693	075742	098759	122203	145866	172119	194644	219646	243732
008165	029962	050569	075932	099388	123565	146577	172213	194687	220064	244063
008357	030276	050723	076176	099444	124419	147284	172313	194725	220449	244141
008461	030498	051196	076353	099683	124487	147303	172951	194942	220622	244833
008583	031530	051416	076636	099771	124976	147420	173174	195274	221029	245112
009201	031869	051458	076734	100021	125227	148351	173477	195469	221276	245204
009286	032678	051589	076991	100511	125667	148940	175212	195768	221843	245827
009517	032890	051639	077146	101141	126266	149502	175518	196141	221941	246148
009548	033151	051852	077296	101198	126424	149883	175986	196244	222357	248341
009723	033255	052998	077535	102007	126758	150112	176058	196271	222393	248734
010390	033309	053372	077927	102361	126994	150317	177217	196670	222731	248738
010576	033486	054061	078089	102438	127017	150519	177326	197724	222862	250143
010822	033555	054661	078605	102456	127147	151346	177731	198454	222892	250166
011376	034168	055183	078980	103321	127317	151703	179258	198644	222987	250640
011558	034318	055252	079305	103350	127793	152349	179358	198743	223607	251163
011579	034787	055625	079329	103432	127987	152510	179425	198764	223963	251454
012100	034938	056436	079364	103642	128247	153892	179576	199346	224019	251553
012859	035555	056652	080148	103679	128605	154141	179619	200470	224363	252045
012941	036090	057342	080390	104016	129616	154723	179692	201020	224583	252644
013689	036652	058357	080414	104938	129843	155901	179776	201093	224874	252993
013905	036751	058785	080508	105522	130201	156246	180133	201163	225303	253062
014197	036954	058910	080936	105638	130874	156408	181451	201267	225367	253812
014852	037053	059674	082135	105773	131153	156440	181683	201683	225403	254966
015454	037641	060881	082938	106003	131584	157403	181957	201979	226354	256002
016036	037887	061424	083201	106411	131903	157657	182417	202205	228118	257638
016405	038333	061694	084826	106515	132498	158189	182504	202786	228215	257746
016417	039314	061697	085481	106522	133719	158334	182801	203391	229136	258484
017468	039488	061930	086945	107860	133927	158966	183488	204669	229636	258513
018200	039515	062072	087540	108057	134217	160148	183634	205465	230063	258553
018802	039597	063494	088713	108210	134450	160581	183729	205658	230349	259070
019010	039628	063502	089113	109855	134825	160910	183803	205755	230721	259460
019164	039972	064306	089133	110987	135646	160943	184116	206175	231065	261921
019434	040052	064312	089309	112612	135768	161511	184603	206208	231110	262102
										
										
										
262535	281343	302425	325507	345394	364448	388280	408185	435009	454758	476967
262910	281434	303504	326167	346303	364504	388389	408813	435049	455402	477362
263128	281467	304201	326175	346462	365419	390220	408930	435247	455633	477508
263202	281530	304303	326359	347016	365496	390647	409400	435614	455668	477601
263642	281682	305349	326416	347364	365615	390732	409620	436055	456289	477657
263701	281755	305891	326673	347681	365618	390971	409854	436419	456331	477683
263903	281949	305923	327031	347683	365650	391675	410168	437198	456632	477960
264597	282740	306898	327159	347744	365827	391830	411284	437452	456906	478461
264718	283347	308219	327315	347763	365841	391957	411299	437831	456925	478744
264915	283834	308383	327570	348213	366476	392175	411310	438193	458249	479757
265124	284393	308395	327673	348897	366829	392287	412114	438501	458345	480752
265169	284860	308439	328360	348974	367901	393031	412458	439092	458698	480790
265896	285347	309334	328396	349002	367946	393401	412545	439356	459112	480914
266322	285450	309683	328849	349243	367960	393540	412561	440516	459146	480946
266942	285515	310549	328966	349567	368271	393627	412830	440809	460260	481110
267033	285678	311016	329160	350320	368298	394013	413022	440921	460607	481703
267709	286925	311293	329752	350750	368570	395586	413408	441091	460815	482018
268087	287070	311353	330556	351289	369731	395825	413630	441256	462092	482837
268483	287331	311737	330586	352227	370208	396429	413771	441656	462819	483217
269561	287497	311969	331611	352311	371333	396725	413939	441839	463109	483230
269750	288128	312488	331988	352682	371646	396735	414634	441967	463191	483390
270015	288269	312588	332107	352800	372296	396804	414711	442024	464147	483770
270316	288381	313016	332138	352838	373084	396809	415484	442059	464315	484233
271116	288813	313425	332229	352941	373134	397406	415884	442197	464487	484269
271586	289030	314152	332513	353197	374612	397409	415961	443018	464525	484533
271813	289202	314536	333101	353862	375510	397860	416297	444046	464867	484986
271995	289274	314694	333139	354107	376448	398152	417824	444293	466132	485522
273714	289385	314906	333453	354621	376877	399043	419913	444703	466223	485536
273810	289499	315104	333628	354733	377563	399856	420170	444804	466576	486061
273814	290240	315491	333638	354924	378092	400486	420261	445041	466937	486261
274009	290282	315621	334101	355431	378734	400873	420447	445067	467066	487468
274412	290649	315917	337307	355484	379160	401968	421424	445173	467243	487589
274736	290704	316337	337308	355622	379329	401999	422654	445778	467411	487926
274787	291785	316459	337329	355779	379521	402309	423818	446061	467736	488302
274834	291832	316541	338145	356187	379603	402552	424404	446646	468399	488400
275617	293150	316549	338215	356728	379923	402738	424882	447213	468679	490219
276072	293494	316769	338387	356917	380833	403058	425091	447320	469389	490789
276389	293712	316946	338424	357372	381920	403804	425413	447373	469551	491166
276580	294210	317266	338735	357563	382297	404493	425504	447853	469859	491432
276679	294990	318821	338906	357565	382809	404685	426368	448164	469879	491612
276717	295792	319086	338917	358038	382850	405035	426475	448775	469890	491753
276818	296316	319212	338972	358049	383405	405120	427339	449024	470477	492005
276866	296499	320084	339811	358489	383451	405141	427584	450648	470867	492336
277018	297169	320604	340136	358664	383587	405213	428544	451000	470948	492954
277147	297293	321104	340371	358886	384142	405721	428736	451001	471287	493054
277823	297581	321367	340891	359183	384233	405735	429537	451236	471318	493699
277857	297719	321627	341066	359835	384876	405824	429573	451430	472035	493853
278457	298348	321949	341415	360665	385259	405875	429576	451623	472396	494752
278688	298611	322233	341557	360700	385273	406612	430463	451678	472706	494920
278962	298676	323470	341810	361822	385420	406664	430470	452491	472934	495995
279542	299311	323492	342337	362005	385450	406959	431458	452496	473016	496414
279565	300742	324311	344301	362193	387282	407180	431792	453335	474440	496446
279584	300875	324630	344523	362213	387837	407200	432451	453428	475882	496846
279873	301817	324811	344715	362929	387967	407541	433781	454067	476583	497311
280511	302177	325142	344813	363414	388009	408119	434812	454591	476588	498571
										
										
										
498629	517599	536672	555503	574439	600677	625541	648554	679601	703555	730917
498692	518479	536933	555541	574479	600715	625755	649034	680103	703917	731792
499376	518630	537255	555767	574680	600913	625773	649509	680120	704581	732084
499404	518976	537644	555890	574807	601134	625797	651988	680259	704870	732582
499816	518985	537705	555898	575049	601501	626052	652500	680508	705298	733533
500293	519248	538131	555903	575489	601675	626206	654229	680568	705893	734252
500453	519283	539330	556174	575541	601987	626513	654339	681581	707506	734786
500976	519598	540541	556702	575666	602209	626904	654451	681788	708044	736960
502055	520385	541282	556794	577110	602263	627271	655578	682399	709326	737307
502317	520442	541519	557387	577169	603239	627857	656022	682541	709461	737868
503203	521503	541567	557399	577189	604027	628147	656067	684706	709555	738213
503556	521642	541747	558079	577341	604068	628252	656176	684938	709658	738214
503687	521675	541763	558227	578233	604772	628418	656921	684958	709670	738468
503908	521820	542603	558363	578456	605100	628459	656930	685152	710228	738645
504070	522439	542798	558432	578460	605586	628819	657212	685360	710912	739314
505185	522506	543092	558451	578533	605810	628926	658513	685403	711924	739593
505711	523346	543536	558757	578917	606003	629533	660213	685869	711995	739753
505915	523470	544178	559674	578934	606649	630679	660785	686307	714072	740391
506083	523651	544432	560428	579461	606876	631013	662419	686383	714264	741732
506351	524653	544475	561045	579499	606886	631499	663377	686561	714446	741964
506397	525277	544800	561760	580889	607434	631919	663667	686601	714707	742313
506598	525440	545044	561795	582765	607440	632279	664176	686823	714911	742388
507035	525864	545225	562429	582840	607635	633148	664917	687636	715026	742638
507578	526297	545997	562700	583469	607787	633706	665161	688509	715096	744084
507651	526864	546895	563051	583631	608164	634846	665333	688679	715195	744157
507941	526867	547041	563206	583972	609791	634970	665462	688962	715500	744840
508472	526886	547064	563402	585777	610478	634993	665739	689715	715910	744878
508818	526941	547169	563937	586459	610943	635606	666362	690188	716357	745206
508961	527160	547237	564799	587134	611670	636695	666483	690368	717094	745243
509008	527325	547971	564947	587466	611874	636732	667065	690626	717488	748085
509146	527505	548434	565360	587909	612578	637230	667134	691586	717544	748237
509159	527513	548835	565669	588321	612733	637548	667920	691647	717549	748431
509310	528316	549544	565883	588685	613058	638189	668051	692102	718702	748848
509658	528404	549607	565915	589126	613629	638240	668774	692521	718805	749336
509781	528872	549911	566310	589282	613885	638872	668857	692837	719462	750267
510814	529223	550712	567076	589970	614360	639213	670029	692895	719596	750480
510852	529403	550746	567210	590921	614467	639575	670158	692923	720181	751295
511432	529599	551066	567400	591589	614730	640708	670212	692978	722544	751640
511622	529721	551226	567610	593185	615526	641036	670240	693087	723828	752937
512254	529751	551419	568221	593723	616654	641303	670412	693263	724044	753218
513044	529960	551767	568406	595321	617451	641420	672148	693453	724512	754047
513115	530296	552069	568675	595647	618368	641509	672462	693891	724516	754695
513877	530581	553140	568829	595721	619553	642192	673449	695546	724557	754716
514110	530897	553390	569403	595747	619677	642208	673464	696810	724763	755867
514143	531175	553407	570149	595938	620886	642283	673478	697448	725031	756236
514573	531368	553415	570164	595985	620969	642611	673579	698599	725180	756266
514685	531708	553533	570233	597161	620998	643603	674686	698953	725343	756990
514762	531859	553608	571388	597579	621553	643730	675025	699127	725457	757934
514909	533216	553683	571546	597811	622223	644588	675592	699957	726259	758112
515096	533447	553843	572006	597890	622413	646166	675652	700085	727172	758113
515335	534526	553925	573329	599209	622821	646883	677074	700747	727196	758337
515890	534652	554079	573475	599255	623153	648058	677227	701299	727763	758865
516757	535246	554263	573629	599434	624573	648060	677790	703023	727853	760227
517396	535270	554502	573639	599666	624695	648467	677973	703159	730706	760244
517519	536020	555364	573871	600263	624782	648500	678586	703419	730856	761021
										
										
										
761101	780162	803714	822775	843574	867209	895032	917798	936270	966239	986247
761271	780172	804218	823103	843757	867675	895526	917943	936735	966801	986307
761300	780799	804305	824156	844364	867818	895675	918686	936800	966869	986410
761569	781577	804445	824504	845273	867832	895795	918916	936926	967001	987385
761583	782487	804810	824843	845494	870536	896517	920627	937346	967027	987896
762037	784230	805097	825640	845558	870601	897399	921066	938346	967064	988472
762407	784816	805489	827141	845994	871358	897513	921228	939316	967677	989874
762600	784872	805704	827513	846914	872001	898511	921254	939814	968359	989900
762935	784882	806565	827565	847222	872006	898902	921446	940850	968372	990210
763175	785344	806670	827980	847223	872555	899988	921776	940870	969407	991857
763906	786484	807405	829484	848718	872600	900096	921979	941740	969637	991978
764030	787028	807563	829503	849196	872668	900450	922528	942273	970415	992075
764676	787320	807759	829573	849304	872673	900670	923182	942283	970696	993898
764800	787366	809724	830387	849367	873241	900793	923305	942384	971459	994211
765202	787489	810156	830540	849541	873709	901003	923325	943515	971678	994410
765422	787703	810174	830892	849880	873906	901224	923693	943913	971756	994572
765760	787920	810196	831297	850729	874616	901321	924564	945777	972251	995458
766367	788698	810306	831481	851176	874731	901550	924836	945898	972278	995777
766940	789456	810812	832024	851385	874851	901691	924877	946567	972301	996166
767448	789690	811099	832673	852355	875784	903058	924958	947425	973116	997163
767511	790031	811197	832870	852575	875827	903077	925031	947444	973592	997261
767925	790247	811215	833175	852843	876672	903420	925038	948445	973626	997420
767988	790844	811494	833255	853117	877113	903984	925254	949100	973641	998347
768312	791290	812983	833514	853340	877153	904315	926358	949312	973886	998519
768399	792595	813140	833714	853343	878347	905514	926983	949748	974158	998715
768599	792656	813261	834095	853399	878637	905531	927292	949902	974799	998772
768974	793141	813526	834402	853588	879268	906855	927448	950237	975010	999218
768980	793156	814547	835196	853611	879316	907520	927458	950916	975137	999910
769304	794016	814711	835219	853865	879344	908634	928080	952171	975378	999970
769640	794147	814779	835461	854228	879436	908839	928220	952363	976075	xxxxxx
769675	794208	814972	835607	854728	879638	908890	928437	952868	976133	xxxxxx
769679	794731	815232	835752	855057	880656	909554	928527	952911	977146	xxxxxx
769985	795975	815913	836261	855096	881708	910109	928932	953380	977181	xxxxxx
770837	796331	815991	836264	855135	882616	911449	929213	953587	977393	xxxxxx
771751	796366	816173	837079	856119	882922	911488	929346	954560	978501	xxxxxx
771756	797263	816194	837126	857290	883734	911890	929461	954683	979354	xxxxxx
772108	797333	816234	837132	857716	883762	912514	929697	954706	979436	xxxxxx
772473	797806	816491	838270	858163	884270	912557	930477	954853	979792	xxxxxx
773268	798199	816599	838367	858395	884459	912728	930710	955127	979956	xxxxxx
773305	798238	816848	838484	858721	884598	912739	931403	956079	980148	xxxxxx
774351	798520	817271	838642	858723	884892	912800	931661	957100	980466	xxxxxx
774652	798554	817731	838672	858761	885248	913739	932398	957892	980523	xxxxxx
774941	798838	818418	839038	859296	885263	914054	932867	958032	980527	xxxxxx
775074	798857	818450	839176	860095	885370	914606	933352	958215	981532	xxxxxx
775318	798971	818527	839577	861142	885918	914827	933734	958500	982443	xxxxxx
775332	799318	818998	839723	861317	886337	914956	933876	960472	982512	xxxxxx
775385	799355	819010	840051	862811	887531	915057	934433	961480	983604	xxxxxx
775666	799694	819376	840433	864702	888836	915280	934525	962009	983820	xxxxxx
775759	800287	819444	840450	864832	889693	915293	934595	962162	984081	xxxxxx
775920	801115	819797	840562	865088	889924	915418	935209	962841	984358	xxxxxx
776163	801159	820235	840647	865139	892130	915465	935497	963363	984456	xxxxxx
776254	801475	821437	840711	866175	892242	915595	935543	963493	985274	xxxxxx
776612	801778	821667	840914	866219	892559	916485	935958	965034	985635	xxxxxx
778167	802179	822243	840935	866477	892643	917547	936076	965601	985961	xxxxxx
779939	802319	822438	841112	867163	894510	917700	936169	965746	986224	xxxxxx
