              DRAW RESULT OF Rs.200/- DENOMINATION NATIONAL PRIZE BOND
                                HELD AT LAHORE

Draw No.: 89th                                               
Series  : COMMON DRAW            		     Date : 15/03/2022


--------------------------------------------------------------------------------------------
First Prize of Rs. 750,000/-

793039
--------------------------------------------------------------------------------------------
Second Prize of Rs.250,000/- Each

128737	390413	591489	705889	796069
--------------------------------------------------------------------------------------------
Third Prizes of Rs.1,250/- Each (2394 Prizes)

000162	021411	046506	068396	088696	106599	133645	158772	178606	196316	214575
000312	021916	046615	068593	088845	106624	135169	159278	179562	196352	214646
001663	022173	046904	068746	089188	107849	135578	159403	179603	196699	214733
001874	022258	048379	069092	089565	107953	135750	159900	179937	196714	214804
001879	022504	048533	070399	090005	107985	136693	160073	180058	197569	214943
002083	022679	048581	070432	090165	108125	137655	160661	180518	197613	215053
002469	023648	048931	070739	090166	108230	137778	160941	180751	198017	215421
002938	023979	049013	070753	090243	108451	137891	161278	181184	198604	216130
003087	024034	050366	070991	090523	108568	138323	161314	182025	200404	216363
003223	024335	051016	071442	091128	108771	138948	161850	182693	200407	218021
003305	024585	052369	071764	091144	108930	140389	161868	182793	200590	218836
004242	024617	052804	073069	091286	109203	141094	162074	183470	200596	218986
004467	025238	053081	073214	092927	109252	142266	162363	183497	200633	219106
004838	025318	053267	074044	092970	109372	142661	163054	184387	200712	219163
006214	026118	054127	074518	093106	109932	142669	163298	184842	200948	219333
006596	026880	054145	074601	093114	110141	143478	163316	185024	200949	219361
007300	026920	054725	074880	093554	110403	143651	163380	185262	201367	219502
007522	027215	054751	074940	093592	110600	143910	163641	185440	201896	219933
007615	027563	054815	075705	094128	111107	144255	163670	185577	202566	219987
008042	028762	054912	076093	094570	111902	145219	164113	186015	202951	220247
008735	028888	056305	076232	094952	112213	145251	164778	186057	203181	220570
008799	029583	056478	076548	095281	112558	145260	164817	186113	204472	220799
009545	032081	056537	078212	095421	112834	146349	164983	186494	204499	221917
009816	032276	056810	078354	095708	113348	146395	165678	187005	205678	222074
010517	032406	056978	078421	095871	115628	146787	165794	187315	206073	222275
010586	032418	058146	078485	095895	115698	147325	166188	187420	206291	222755
010739	032635	058286	078492	097208	115747	148320	167221	187850	206412	222862
010824	033279	059031	078785	097247	118541	148424	168284	188555	206523	224954
011338	033317	059492	079398	097288	119050	148444	169374	188654	206767	225490
011688	033432	059691	079425	097528	119504	148707	170023	188781	206990	225517
013418	034450	059974	079458	097969	119843	149259	170304	189347	207002	225586
013912	034482	061665	079595	098052	120062	149644	170390	189564	208169	225824
014040	034483	061927	080003	098862	120095	150021	170575	189714	208205	225955
014140	034564	062260	080468	099769	120761	150331	170700	190111	208591	226273
014527	034642	062266	081055	099772	121803	150339	170998	190183	208781	226996
015027	036095	062810	081527	100641	122842	151687	171198	190205	208917	227028
015814	036832	062820	082310	100924	122994	152285	171972	190467	209250	227058
015947	037472	063226	083015	100989	123546	152445	172581	190581	209317	227348
015950	037804	063853	083073	102860	124203	152531	173561	191138	209729	227360
016175	037914	063907	083730	102920	124215	153139	174035	192371	210663	228292
016476	038763	064724	084172	103042	124247	153325	174273	194219	210681	228914
018838	039134	064927	084339	103049	124541	153549	174292	194564	210847	229162
019174	039287	065368	084371	103082	125734	154076	175408	194577	210971	229535
019729	039679	065376	084578	103136	126347	154925	176151	195073	211234	229786
020015	039916	065655	085173	103804	126487	155065	176793	195080	211763	230742
020075	040236	065742	085452	104042	127601	155978	176838	195310	211853	230895
020171	041544	065797	085798	104085	128354	156021	177446	195524	212014	230915
020647	041671	066255	085915	104799	129126	156187	177647	195805	212122	230994
020698	043183	067446	086949	105355	129425	157751	177830	195887	213023	231521
020726	043200	067584	087228	105853	129969	158355	178236	195983	213587	231714
020829	043936	067814	088412	105874	130283	158577	178274	196070	213885	232044
021000	045478	068042	088656	106120	132036	158718	178546	196136	213911	232536

232602	256177	275301	296928	324189	347719	361729	382185	407691	435594	454689
232719	256254	275345	297374	324393	347866	361892	382818	408563	435633	455389
233765	256502	275356	298318	325923	348534	362593	382962	408802	436735	455563
234589	257209	275482	298688	326092	348851	362879	383374	409068	437419	455809
234713	258603	275532	299050	327343	349096	362907	383589	409224	437519	455828
235523	259746	275707	299472	327678	349212	362938	383853	409887	437572	456276
235594	260206	275739	299774	328039	350128	363415	384091	411661	437886	457085
235672	260408	276164	300298	329681	350430	364065	384731	411748	438703	457486
236279	260639	276901	300445	329917	350722	364436	386025	412295	439133	457507
236540	261387	278563	300634	329968	350780	364873	386782	412456	439301	458002
237257	262021	279683	300927	330097	351197	364909	386851	412671	439302	458114
237334	262564	279874	302892	331287	351546	365039	387114	413129	439343	458718
237988	263141	280594	303045	331288	352035	365372	387409	415203	439376	459039
238033	263269	281079	303164	331504	352081	366373	387486	415220	441045	459491
238713	263967	281211	303506	331836	352154	367538	388840	415650	441185	459590
238894	264115	281655	304048	332361	352265	367806	388960	417340	441582	459817
238933	264508	281781	304708	333755	352610	367890	389050	417401	442211	460283
238968	264574	282319	306043	334338	352625	368782	389142	418529	442548	461185
239103	265134	282700	306885	335082	352777	370022	389223	419558	443250	462293
239249	265205	282955	306911	335327	353129	370363	389517	419780	443591	463339
239707	265234	283203	306950	335685	353392	370407	389860	419987	443954	463654
240216	265434	283255	307551	335799	353927	370818	390763	420768	444025	464412
240769	265799	283570	308005	335940	354023	371448	390765	421263	444187	464760
241205	265812	283726	308897	336750	354070	371575	391410	422372	444878	465288
243309	266204	283941	309395	336942	354101	371779	391657	423231	444905	466382
243559	266352	284091	310109	337200	354133	372067	392859	424448	444911	466778
244614	267021	284695	310747	337433	354191	372621	393023	424536	444912	467770
245169	267056	285836	310772	337672	354236	372942	393583	424656	444955	467815
246574	267230	286130	311138	338039	354448	373316	393798	425237	445293	468048
248918	267456	286713	311425	338941	354551	373776	394389	425593	445403	468105
249427	268079	287109	311975	339095	354590	374317	395008	425862	446102	468332
249761	268502	287733	311989	339348	355076	374427	395081	426109	446485	468524
250315	269060	288564	312148	339968	355555	374455	396433	426214	446993	468726
250798	269095	288774	312427	340028	355996	374779	396792	426518	447235	469121
251228	269113	289184	312484	340474	356219	375003	397848	426814	447325	470808
251632	269166	289520	312490	340739	357013	375125	398645	428207	447518	471463
251716	269241	289808	312905	340741	357018	375354	399868	428678	447604	471517
251816	269684	290056	313946	340922	357382	375554	401325	428804	448861	471570
252273	269735	290239	314046	341004	357869	375783	401780	428878	449255	472142
252277	270182	290377	314068	341070	358183	376442	402350	428890	449570	472209
252781	270599	290807	314624	341755	358815	376766	403200	429209	449830	472279
253310	270729	291771	314672	341877	358948	377483	403503	429359	450028	473190
253674	271045	292920	315428	342722	358997	377559	403986	431025	450733	473706
253820	271205	293981	315467	342828	359216	378332	404721	431078	450785	474356
254124	271219	294030	316052	343051	359404	378553	405728	432456	451150	474591
254659	273108	294472	316192	343587	359440	378802	405756	432778	451309	474652
254712	274201	294563	316569	343767	359476	380252	405786	433298	452987	474771
255102	274209	294617	318342	344981	359553	380447	405990	433678	453805	474878
255165	274450	294825	319461	345424	360291	380593	406382	434102	453915	475053
255431	274903	295807	322687	345524	360634	381074	406638	434219	454289	475338
255860	275020	296482	322833	346303	360948	381358	407142	434612	454512	475756
256154	275288	296792	323261	346860	361139	381753	407381	435549	454654	476023

476187	505704	525757	547744	571154	590601	609094	633333	654992	673537	693250
477052	506235	526054	547757	571294	590654	609390	633643	655518	673571	693619
477169	506259	526473	548517	572072	591523	611793	634613	655644	673656	693953
477228	506273	526967	549456	572079	592816	612228	635171	655648	674342	694339
477856	506919	528016	550001	572986	593271	612395	636192	655792	674349	694907
478233	507294	529460	550171	573298	593319	613064	636677	656171	674559	695274
478518	507341	529522	550902	573454	593923	613556	636892	656749	674966	695482
479172	507630	529873	550955	573533	594108	614363	637525	657393	675031	695551
481698	507874	530029	551231	574390	594601	614589	639242	657516	675153	697172
482186	509183	530805	551352	574773	594717	614892	640011	657664	675246	697676
482457	509477	531064	551357	574956	594849	615125	640733	657693	675608	697975
482798	510103	531763	551956	576159	595705	615340	640804	658633	675717	699375
483260	510316	531875	552037	576414	595784	616841	641071	659845	675751	699407
483272	510918	532152	553799	577596	595873	617248	641085	660237	675853	699492
483510	510928	532673	554231	577997	597306	618559	641268	660356	676132	699530
483595	511028	532938	554601	578171	597333	620045	641272	660535	676429	699562
483915	511808	532943	554784	578430	597387	622181	641308	660630	676480	700761
484134	512027	533773	555045	579374	598542	622533	641414	660761	677002	701022
484367	512427	533816	555105	579749	598939	622668	641521	661268	677397	701573
484614	512600	534587	555625	580070	599384	623216	641728	661560	677768	701909
486563	512801	534829	555916	580579	599616	623373	642356	662100	677824	702123
486860	512994	535094	556634	580921	599869	623476	642871	662275	678217	702148
486965	513038	535525	556839	580922	600646	623577	643174	662331	678400	702378
487327	513192	536330	557121	581116	600842	623593	643238	662429	678690	702395
487562	513920	536674	557500	581202	600971	623692	643771	662974	679640	702465
490128	514140	536936	557567	581703	600998	623834	643784	663354	680079	702553
490482	514995	536939	558875	581885	601453	623843	643796	663640	680503	702806
490758	515757	537422	558932	582132	601644	623921	643833	664335	680698	703020
491255	515780	538183	559027	582178	601784	624331	643858	665031	680956	703300
491600	515910	538920	559148	582299	602228	625336	644091	666300	681131	703759
491786	516407	539006	559843	582706	602994	625644	644117	666748	681840	704241
492185	516632	539859	560579	583384	603204	625714	644308	666965	682200	704844
494741	516867	541032	561303	583400	603303	625873	644973	666990	682290	705346
494981	517043	541733	561671	583754	603978	626183	645211	667690	682443	705682
495007	517411	542588	563491	584185	604035	626270	647798	667907	683263	705849
495715	517516	542924	563681	584326	604615	626394	648270	668373	683385	706610
495875	517593	543298	563835	584375	604705	626792	649398	668839	683544	707536
496496	517769	543759	564561	584874	604902	626853	649515	669082	684125	708018
497185	518542	544275	564706	584977	605065	626986	649616	669220	684650	708440
497624	518941	544485	564792	585573	605496	627390	651215	669246	685473	708496
497937	519062	545249	564795	585792	605571	627710	651272	669591	685531	708920
498062	519861	545530	566809	585867	605946	629511	651345	669595	685956	709644
498765	520222	545982	567328	586575	605997	630399	651762	669940	686128	710279
500319	521306	546207	567622	586623	606526	631028	652317	670161	686488	710860
501280	522012	546224	567778	586628	606615	631284	652824	671157	686843	711218
501406	522819	546402	569470	586855	606726	632049	653012	671342	687334	711263
503176	523848	546427	569728	587739	607621	632675	653827	672219	688413	712085
503477	524095	546490	569791	588309	607976	632808	654132	672571	689333	712499
503564	524786	546530	569947	588463	608028	633029	654675	672578	690248	713503
504204	525207	546937	570026	588749	608336	633189	654706	672821	690615	713810
505319	525499	546982	570872	590079	608518	633304	654774	672965	690853	714208

714333	736738	760063	776198	792617	813261	835054	859642	881379	904050	928197
714375	737812	760485	776294	792881	814113	836104	859932	881445	904455	928446
714556	738551	760685	776594	793785	814210	836387	859944	881509	904657	928642
714967	738622	760750	777088	794231	814374	836554	860629	882513	905052	928876
715565	738884	760808	777390	794380	814711	837213	860982	883263	905951	929413
715910	739368	760871	777603	794512	815898	837255	861343	884787	906264	929502
716762	739751	761863	777900	794566	816436	839356	861716	884946	906579	929701
717370	740004	761987	778993	794580	816473	839540	861995	884964	906701	930012
717593	740361	762083	778997	794622	816663	839574	862832	886055	907336	930058
718089	740593	762271	779371	794691	817469	839952	863286	886100	907680	930094
718860	740645	762896	779602	794830	818254	840646	863303	886590	907967	930262
720014	740821	763205	779658	795326	819423	841343	863913	886829	908235	930653
720166	741017	763324	779737	795844	819881	841603	864409	887092	909148	930959
720265	741721	763346	779742	796434	819934	842618	864529	887876	909850	931126
720477	741869	763911	780485	796549	820244	843114	865711	888353	910264	931442
720831	742390	764807	780831	797012	820313	843936	866443	889201	911639	931648
720979	743320	764955	780847	797853	820768	844056	866512	890041	911665	932678
722480	743748	765029	780970	798361	821336	845612	867132	891761	911726	932798
722953	744098	765648	781212	798538	822854	847528	867184	891855	912042	933113
723865	744872	765688	781432	799209	822883	848070	867369	892379	912687	933675
724373	745317	765689	781646	799321	823035	849081	868056	892433	913064	934704
725790	745527	766012	782293	800523	823081	850276	868398	892993	913070	934897
725870	745865	766300	782390	801105	823420	850537	869150	893224	914234	935095
727458	746202	767008	782554	801184	823800	851698	869495	893440	914535	935100
727880	746970	767202	782556	801413	823907	852206	869786	893698	915053	935529
727965	747222	768970	782636	801483	824134	852339	869831	893991	915819	935539
728043	747442	770055	784071	802058	824406	853031	870025	894795	918070	935584
728129	747896	770403	784222	802324	824411	853154	870185	894810	919027	935701
728281	748801	770828	784254	802392	824593	853337	871835	895101	919676	937580
728756	749281	770863	784434	802571	825027	853518	872718	895708	920397	938113
728773	749374	770966	784808	802812	825876	853854	872979	895791	920913	938941
728914	750568	771460	785230	803443	826560	854233	873322	896614	921081	939518
729095	750847	771529	785339	803882	827077	854273	873644	896917	921173	939949
729835	751729	772293	785341	805593	827840	854643	873712	897533	922045	939970
729879	751825	772894	786170	807137	828469	855018	874238	897609	922369	940101
729892	752096	772933	786355	807326	828974	855058	874587	897727	922585	941154
730821	753303	773256	786930	807587	829093	855170	875314	898229	922611	941356
730850	753655	773379	787086	808719	829599	855245	875640	898554	923065	941712
730999	754020	773589	787877	809403	829612	855948	876130	898559	923082	941850
731023	754665	773676	787939	809964	830283	855985	876204	898735	923363	941877
731637	755001	773694	788125	810165	831108	856576	876621	899208	923588	941916
731716	755103	773898	788750	810217	831726	856763	876989	900371	923807	941958
732309	755280	774193	788778	810839	831756	856847	877214	901272	923964	942483
733336	755555	774310	788872	810854	831852	856946	877719	901403	923969	942668
733370	755825	774347	788996	811335	833049	857830	878174	901530	924441	943280
734886	756190	774715	789090	811437	833233	857910	878312	901788	924467	943381
735041	756364	775031	789383	811830	833785	858288	879097	901837	925028	943382
735897	756441	775047	790091	811939	833894	858478	879101	902784	925091	943875
736018	757254	775064	791491	811977	834629	858686	879278	903281	925325	944157
736271	758301	775373	791511	812843	834703	859338	880318	903327	926490	944418
736331	759938	775446	792186	812987	834704	859617	881168	903372	927187	944928

945782	953527	957219	961130	965049	972409	975015	980008	983999	988676	995649
946077	953733	957516	961293	965756	972425	976282	980324	984479	989017	997053
946184	954050	957974	961668	966410	972950	976900	980743	984586	989052	997213
946368	954052	958163	961856	966466	973040	977369	980890	984758	989571	997759
947617	954265	958170	961953	967115	973117	977729	981472	985491	990025	998227
947826	954787	958798	963055	967559	973158	977821	981562	987612	990482	998312
948304	955574	959288	963491	967560	973335	977833	981633	987701	990907	998783
950238	955747	959693	964158	969180	973453	978096	982088	987737	991116	999912
950581	955818	959713	964225	969519	973478	978163	982234	987933	991806	000000
951000	956482	960022	964464	970083	974727	978363	982271	988069	992267	000000
952122	956902	961038	964731	970718	974777	979853	982593	988136	993364	000000
952625	957215	961050	964934	970808	974845	980000	983025	988224	993703	000000

