                       DRAW OF Rs.200/- PRIZE BOND

		        HELD AT FAISALABAD
Draw No.93rd				

Series:	Common Draw					Date:15/03/2023

----------------------------------------------------------------------------------



First Prize of Rs.750,000/-



907218

----------------------------------------------------------------------------------



Second Prize of Rs.Rs.250,000/- each.



123222   173253   390773   573321   793801

----------------------------------------------------------------------------------	

										

2394 Prize(s) of 1250/-  Each


000611	022208	040759	065234	088686	112743	132100	163628	182856	207616	229018	251823
000769	022286	041418	065532	089854	112819	132348	163958	183328	207791	229521	252009
000959	023051	042131	065536	091430	112944	133540	164215	183385	207828	229684	253191
000971	023260	042214	065752	091768	113245	133564	164219	183653	208273	230352	253569
001032	023443	043703	066502	092215	113658	133944	164278	183681	208532	230587	253589
001579	023677	043879	068312	092397	114190	134088	164426	184277	208729	231198	253814
001900	024354	044144	068409	092694	114949	134326	164449	184569	209847	232214	253877
002191	025068	044680	069073	092722	115166	134401	164502	185650	210379	232749	254206
002903	025671	044917	069667	092974	115211	135205	164836	186588	210412	232825	255129
003139	025685	045042	069969	093060	115416	135683	164895	187532	210870	233583	255368
003167	025998	045736	070999	093187	115471	135763	165017	188479	211044	234228	256006
003345	026461	046434	071311	093660	115494	135782	165380	188489	211102	234929	256101
004094	026610	047864	071586	093769	115792	136078	166397	189661	211368	235305	256202
004609	026634	048122	071822	093926	116043	136481	166743	190463	211635	235715	256505
005244	027025	048312	071910	093963	116117	137866	167059	190736	211797	235773	256721
005630	027931	049253	071946	093969	116372	138694	167473	191164	211914	235811	258162
005644	028280	049271	071969	094975	116970	138696	168155	191886	212600	236219	258783
005733	028396	049743	072595	095715	118292	139424	168364	192311	213863	236555	259378
005877	028720	050299	073031	096242	118702	141990	169326	192687	214275	236716	259579
005905	029046	051173	073237	096562	119987	142536	169770	192954	214698	237382	259749
006139	029052	051235	073378	096635	120051	145773	170158	193127	215569	237532	259791
006186	029055	051548	073476	096836	120095	145914	170605	193324	216101	237881	260014
006690	029434	052411	074163	097862	121844	146685	170896	193657	217110	238109	261014
008069	029554	053055	074245	098326	122053	146835	171303	194319	217602	238730	261050
008421	030319	053262	074260	098415	122713	147165	171397	195471	218562	238987	261055
008844	030331	055109	074509	098756	123264	147690	171508	195634	218818	239127	261293
008895	030554	055113	075143	099739	123401	148308	171614	195864	219107	239275	261511
009194	030665	055529	075826	099838	124050	150633	171718	196128	219677	239370	262260
009408	030674	056556	076494	101121	124343	150840	172844	197187	220074	240509	262439
009739	031654	057232	078325	102011	124739	151242	173320	197460	220172	240609	263387
010122	031695	057493	078984	102539	124898	152077	173649	197728	220563	240754	263590
010157	032185	057714	079033	102680	124950	152550	173827	199128	220763	242212	263640
010665	032463	057995	079104	103400	125813	152551	174331	200113	221465	242571	263992
010904	033177	058357	079324	104818	125858	154480	174888	200209	221532	242846	264150
011208	033585	059006	079690	105432	126166	154731	175131	200219	222269	242898	264237
011833	033671	060673	080667	105986	126596	155063	175391	200345	222359	244262	264278
012911	033963	060738	080747	106280	126654	155538	176165	201436	223287	244313	264847
012957	034423	061066	081504	107581	126676	155934	177267	201681	223625	244623	265224
013283	034634	061226	081687	108289	126748	157180	177348	201808	223891	244665	265806
013449	034932	061276	081862	108441	127701	157188	177457	201813	224161	244918	265848
015078	035058	061406	082002	108686	128804	157459	177909	202248	224295	245011	266097
015976	035445	061444	082248	108716	129115	157882	178458	202407	225049	245116	266418
017317	036246	061863	083237	109797	129520	158505	178709	202709	225927	245117	266689
017333	036591	062113	083500	110647	129644	158549	179418	202737	226533	245225	267357
017796	036821	062688	083508	110854	129778	158726	179642	203186	226839	245394	268626
017931	037543	062745	083643	111041	130034	160070	179897	203709	227140	245669	268633
018108	037685	063959	084457	111187	130256	160276	180200	204352	227721	247045	269561
018143	037901	064270	084553	111751	130632	160464	180819	204907	227821	247198	270468
018617	038503	064455	086663	111812	131159	160920	180905	205569	228271	247335	270659
018751	039292	064552	086776	111951	131169	161310	181740	206255	228356	248609	270683
019949	039907	064928	087370	112260	131177	162388	182747	206677	228682	249459	271154
020466	040220	064949	087757	112662	131764	163622	182773	207062	228964	251585	271205
											
											
271469	295014	317650	331955	357490	376270	394230	419977	442502	470084	494541	516822
272007	295282	317724	332074	357993	376592	395806	420999	443010	470136	494659	516915
272014	295419	317861	333016	357995	376692	396037	421048	443481	470533	494821	517017
272239	296219	317897	333469	358603	377263	396144	421700	443796	470537	496178	517213
273720	296779	318063	334096	358721	377277	397320	421802	444755	470844	496296	517915
273853	296839	318308	334298	359901	377287	399074	422789	445140	471474	496613	518373
274073	297239	318487	334672	359949	377671	399090	422806	445430	471786	496985	518904
274123	297633	318662	334928	360232	377936	399273	422920	445827	471954	497189	519637
275076	298364	319583	335092	360296	377983	399604	423348	447101	471956	497323	521190
275201	299142	319608	336913	360458	378148	399999	423591	447354	472000	498274	522114
275585	299466	319745	337173	360915	378978	400230	423664	448365	472099	498467	522470
276159	299749	319844	337352	361534	379054	400368	424840	448715	472224	498632	522493
276504	300808	320209	337602	361608	379089	400740	425426	449034	472382	500268	522643
276732	300824	320563	338491	362144	379388	401042	427242	449252	472838	500374	522828
277204	301249	320593	339770	362355	379488	401070	427271	451088	473764	500867	523334
277431	301672	320684	340564	362522	379738	402427	427319	452299	474564	501289	524051
278018	302595	320894	340616	362748	379967	402722	427492	452319	475283	501804	524214
278637	302817	320895	340630	362920	380270	402800	427700	453255	476088	501840	524371
279236	302992	321535	340982	362968	380927	402987	428877	453811	476707	501848	525063
279277	303022	321774	341260	363532	381242	403169	428929	453873	478878	503169	525094
279348	303286	322010	341637	364232	381746	403632	429047	454042	479443	503953	525866
279854	303829	322729	342102	364879	382040	404352	429172	454730	479660	504166	526469
280370	304253	322758	342808	364898	382060	404668	430987	455033	480060	504304	527112
280791	304482	322815	342972	365966	382525	404698	431177	456408	481707	504491	527128
280860	305625	322904	344212	366755	382987	404872	431732	457467	482618	505239	527216
282238	305881	322959	344357	367196	383510	405180	432033	457564	482919	505544	527376
282934	307842	323173	344553	367244	383589	405392	432092	458510	483039	505821	528301
283126	307924	323453	344640	367641	383643	405675	432219	460196	483682	506488	528330
283206	309227	323823	345343	367828	383922	405748	432331	460490	483899	507115	528505
283621	309256	323858	346830	368137	383945	406545	432808	461192	484351	507481	529103
284309	309842	323884	347973	368681	384022	407713	433255	461561	484862	508175	530664
284761	310093	324061	349070	368760	384661	407941	433367	461826	484920	508900	531147
285079	310775	324810	350017	368798	384849	408910	434962	463274	485533	509950	531161
285105	311212	325469	350103	369088	384968	409311	435208	464132	487124	510015	531897
285911	311722	325588	350481	369287	385150	409711	436289	464203	487169	510583	532581
286177	311724	326099	350562	369590	385261	411674	436449	464537	487660	511229	532872
286717	311823	326115	350830	369594	385262	411896	436644	464774	487882	511948	532972
286921	313268	326614	351188	370148	385695	412380	436892	464915	488240	512044	533497
287233	314141	326899	351550	370620	385794	413216	437375	464935	488567	512320	533973
287318	314716	327328	351752	370729	386012	413380	437938	465801	489140	512662	534169
287945	314937	327383	351947	370730	386324	413383	438445	466546	489286	512665	534795
288277	315023	327861	352134	371357	388903	413435	438521	467147	489767	513349	535147
288592	315089	327974	352385	371628	388968	413891	438874	467543	489840	513621	536194
289049	315092	328060	353591	371700	389219	414026	439121	467900	490669	513784	536451
289740	315268	329022	353656	371774	390354	414079	439135	468434	490683	514429	536563
291040	315326	329802	354608	372004	390960	415429	439448	468519	491041	514443	536664
291097	316061	329836	354999	373585	391708	416408	440435	468778	491208	514640	537170
291715	316449	331195	355125	374254	392091	417087	440464	469122	491586	515313	537179
292411	316472	331352	356172	374951	393267	417839	441031	469143	493243	516002	537610
292915	316972	331357	356223	375074	393491	418019	441565	469323	493294	516246	537676
293698	317098	331408	356352	375276	394092	418099	441707	469495	493324	516365	537723
294115	317141	331544	356827	375457	394168	418619	442091	469790	494160	516427	537909
											
											
538068	558619	577539	591971	616364	639123	660156	682088	706167	730320	754417	772874
538476	558907	577648	592253	617047	639155	660485	683410	706211	731066	754992	772985
538813	559653	577887	594059	617931	639221	660492	683453	707693	731084	755307	773193
538945	559866	578091	594471	618355	641262	660683	683994	707720	731413	755498	773305
539018	560313	578313	594880	618705	641383	660700	684096	708025	732801	755751	773794
539100	560749	578569	594903	618910	641888	660843	684752	708257	733186	756625	774583
539118	561291	578694	595943	619001	643327	661302	685179	708882	733291	756922	774918
539198	561621	579642	596198	619836	644187	661896	685697	709563	733361	757017	775199
539480	561862	579742	596362	620042	644278	663092	685785	709770	733392	757055	775330
539528	562016	579802	596396	620113	644591	663112	686360	709951	733799	758478	775495
539726	562150	580636	596752	620259	644713	663876	686405	710017	734643	758486	775663
539759	562316	580664	597566	621046	644829	663964	686553	712097	735153	758573	775919
541089	563997	581535	597745	621525	645691	664602	687268	713928	735583	758660	776027
542421	564377	582202	598679	621684	646780	664752	688701	714108	735723	759324	776090
542793	565049	582426	598914	621771	646787	665844	689009	714495	736188	759705	776454
543008	565083	582888	599100	622126	647082	665939	689276	714521	736260	759807	776613
543276	565389	582916	599133	622197	648251	666303	690152	714573	736439	760239	776680
543945	565693	583622	599486	622547	648479	667139	690533	714904	736639	760732	777368
544080	566291	583672	600005	622879	648736	667510	691350	714999	737693	761178	777429
544252	566319	583731	600868	623388	648895	667861	691889	715249	738059	761205	777495
544333	566707	583991	601257	624117	648969	667978	692194	715389	739279	761369	777878
544462	566918	584400	603054	624714	649828	668683	692981	715861	739364	761610	778108
544890	567440	584717	603392	625237	649851	669064	693014	716972	739780	762053	778248
545208	567887	585860	603529	625326	650293	669265	693340	716999	741691	762066	778628
545632	568201	586438	604012	625472	650383	669294	694264	717160	742446	762102	779334
546198	568451	586775	604211	625558	650483	670483	694831	717536	743577	762158	779561
546934	568490	587007	604424	626313	650593	671439	695182	717701	743804	762280	779635
546979	568519	587061	604626	626892	650915	671464	695270	717780	744242	762855	779958
547370	568608	587075	604643	627838	651581	671553	695341	718150	745257	762905	780576
549250	568757	587459	604811	628351	651693	671572	696147	718348	745508	763007	781215
549337	569064	587561	605029	628960	651795	671666	696181	718358	745556	763274	781925
549551	569380	587819	606252	629192	652305	671721	697447	718793	745657	764476	782730
549787	569399	588127	607634	629472	652908	672069	697522	718998	745681	765113	782748
550361	570329	588193	607665	629478	653235	674071	697878	719938	746023	765327	783319
550369	570534	588424	608230	629839	653305	674173	698116	720466	747126	765614	783701
551948	571575	588743	608286	631187	654160	674326	698426	721401	747367	765800	783703
552059	571620	588832	608521	631204	654840	675160	698560	721479	748139	765996	783868
552560	571882	588994	610121	631237	655495	675779	698989	721933	748563	767134	784334
552800	572417	589052	610728	631459	656037	676302	700244	722176	749657	767318	784653
553234	572498	589381	610735	632160	656090	676501	700550	722892	749893	767995	785002
553619	573208	589725	610812	632193	656752	676671	700601	723184	749901	768589	785216
554429	573245	590064	611318	633137	656933	676700	700783	723415	750012	768781	786351
554615	573463	590184	611425	633411	657038	676890	701487	723535	750196	769239	786406
554639	573613	590347	611894	633817	657173	677597	701771	724649	750380	769377	786558
554779	574028	590844	612418	634193	657593	677601	701906	725171	751052	769571	786707
554825	574353	590968	613029	634621	658140	677808	701931	725916	751397	769885	786906
554966	574631	591057	613607	634968	658403	678297	702282	727484	752034	769984	787815
556142	574694	591122	613842	635316	658461	679329	702424	727920	752244	770103	787929
556547	574772	591132	614181	635605	658908	680222	702959	729516	752383	770441	788965
556743	574875	591147	614974	636183	659137	680249	704006	729548	753277	771567	789119
558530	575924	591680	615262	637311	659239	680325	704545	729628	753694	771748	789122
558603	576204	591949	615896	638485	659956	680909	705584	730140	753894	771857	789863
											
											
790536	806422	825337	843002	860119	881146	899030	914539	933908	952290	971123	987699
790716	807333	826139	844187	860415	881854	899322	914900	934236	952855	971621	988026
790971	809150	827544	844197	862326	882731	899945	915122	935059	953408	971651	988365
791223	809270	827598	844322	863049	883413	899951	915718	935259	953414	972123	989009
791281	809687	828578	844344	863196	883822	900281	915778	935538	953535	972729	989060
791287	810308	828620	845664	863489	884234	900549	915848	935898	953938	972737	989080
791483	810765	829303	845700	864906	884257	901533	916226	935989	954446	972843	989234
792238	810844	830604	845880	865059	884263	902067	916308	936219	954810	973084	989245
792270	811418	830742	845963	865221	884421	902114	916473	936944	955005	973830	989397
792742	811780	831059	846224	865425	884552	902613	916542	937710	955457	973997	989796
792877	812150	831523	846253	866297	884650	902659	916616	937835	955641	974104	990160
793390	812172	831607	846518	866471	884748	902968	916995	938035	956279	974652	990163
794202	812439	832014	846643	866592	884949	903947	917209	938045	956835	974751	991070
795172	813584	832054	846664	866604	885225	904084	917271	939160	956836	974850	991311
795560	813753	832989	846755	866795	885259	904501	917326	939203	956996	975199	991423
795610	813834	833132	848331	867278	885920	904850	919266	941226	957131	975438	991547
796030	814009	833377	848521	867477	886009	905115	919570	941861	958043	976050	992256
796101	814956	833454	849066	868190	886122	905534	921399	941886	959188	976446	992436
796254	815117	833712	849469	869133	887588	905871	921827	941926	959416	976454	992461
796371	815354	833922	850046	869742	887889	906023	922264	942234	959606	976487	993421
796572	815584	834030	851834	870519	887899	906534	922772	942577	959684	976628	993615
797739	816433	834244	852317	871339	887966	906557	922865	943485	961385	976853	993789
798594	817164	834465	852788	871815	888368	906591	923300	943851	961528	977214	993896
798725	817234	834504	853608	871858	888853	906789	923331	944496	961773	977587	993988
798967	817534	834537	854110	871923	889016	909468	923354	945206	961896	978150	994498
799531	818013	835603	854209	871974	889211	909541	923550	945390	961936	978175	994957
799782	818584	835966	854907	872529	889649	910855	923609	945449	962195	979167	995217
799856	818805	835999	855008	872849	889811	910870	923755	945578	962457	979409	996056
799875	819367	836755	856307	873738	890477	911230	924037	946246	963163	980023	996083
800156	819390	836976	856636	873997	890827	911291	924273	946292	963264	980176	997137
800284	819470	837929	856644	874852	890839	911359	924283	947661	963705	981693	997211
800454	819717	838091	856662	875154	890859	911589	924441	948091	963977	981883	997542
800669	820324	838104	856666	875200	892663	911604	925066	948852	964074	982186	997840
800918	820414	838220	856906	875391	893058	912099	925323	949302	964660	982195	998060
801228	821886	838570	857194	875559	893470	912210	925351	949360	964882	982392	999261
802289	822021	838730	857433	875631	894821	912243	926792	949652	964934	983602	999301
802890	822896	839048	857660	877951	895323	912499	928481	950230	966570	983862	999601
802896	823145	839656	857920	878756	895941	912999	929453	950417	966724	983906	999741
803145	823183	840079	858094	878976	896052	913415	929535	950583	968280	983987	xxxxxx
803625	824324	840837	858262	879663	896553	913503	931491	950639	969871	984248	xxxxxx
803765	824358	840996	858971	880131	896895	914011	932113	950728	969902	984465	xxxxxx
805634	824391	841345	859297	880767	897510	914197	932194	951161	970396	985691	xxxxxx
805903	825093	841851	859405	880818	897767	914276	932491	952083	970881	986838	xxxxxx
805976	825262	842468	859797	880837	898283	914464	932685	952260	970985	986843	xxxxxx
