                       DRAW OF Rs.200/- PRIZE BOND

		        HELD AT HYDERABAD
Draw No.95th				

Series:	Common Draw					Date:15/09/2023

----------------------------------------------------------------------------------

First Prize of Rs.750,000/-

093777

----------------------------------------------------------------------------------

Second Prize of Rs.Rs.250,000/- each.


002536   348200   476510   521695   991054

--------------------------------------------------------------------------------------	
										
95TH DRAW OF RS. 200/- DENOMINATION NATIONAL PRIZE BONDS HELD AT HYDERABAD ON 
15TH SEPTEMBER, 2023 (2,394 PRIZES OF RS. 1,250/- EACH)

000551	024838	046459	066203	086675	105752	130758	153605	174478	199271	219628
001181	025701	046479	067004	087114	106788	131246	153697	174582	199276	219762
001938	026764	047324	067140	087148	106900	131457	153803	174663	199957	220122
002045	027948	047406	067740	087950	107141	131560	153971	175583	200658	220180
002558	030111	047674	067756	088029	107920	132510	154815	175962	200802	220332
002626	030859	047883	067766	088043	107931	132743	155420	176761	201168	220741
002842	030867	047944	068433	088155	108097	133409	155624	178305	202939	221472
003211	031642	048088	068644	088261	108254	134194	155784	178456	202974	221817
003416	031653	048160	068785	088488	108344	134279	156232	178664	203406	223442
003795	031952	048444	069084	088626	108520	134540	156830	179566	203525	223693
004545	032051	049253	069707	088872	109357	134554	157088	179589	203536	224130
004702	032541	049401	070522	088900	111222	134659	157319	179880	203547	225086
004792	032579	050030	070852	090021	111228	134870	157359	180127	204013	226134
004812	032631	050831	071004	090813	111631	135238	158449	180810	204044	226176
005775	033060	051103	071093	090815	111702	135364	159480	181070	204388	227738
006032	034115	051195	071565	090942	112678	135501	159501	181506	205060	227818
006413	034438	051739	072033	091450	112791	135563	160148	181868	205115	228069
006846	034456	051804	072422	091637	112859	135584	160816	182064	205364	228308
007279	034597	052100	072455	091745	113879	136976	161054	183275	206253	228421
008180	034901	052198	072459	092605	114667	137107	161346	183407	206456	228689
008603	035445	052238	072589	092913	115009	137597	161687	184164	207141	228698
008810	035556	054334	072649	093101	115017	137658	162457	184189	208544	229015
009206	035852	055103	073748	093111	115069	137766	162715	184475	208845	230063
010685	036111	055768	074338	093734	115092	138981	163596	184489	209109	230464
010739	036356	055946	074848	094028	115398	138994	163988	184617	210345	230660
010880	036539	056262	074967	094042	115748	140059	164216	184660	210619	230783
010901	036634	056551	075558	094156	115765	140241	164316	184699	210953	231565
011562	036752	056800	075680	094344	115854	141533	164343	184904	211044	231587
012610	036756	056923	076578	096020	117011	141549	164804	185377	211140	231881
012674	036956	057502	077481	096146	117567	141799	165277	186103	211181	232041
012854	037151	057545	077846	096267	118890	142725	165410	186218	211379	232185
013106	037226	057661	077974	096286	119366	142735	165453	186254	211750	232379
014312	037481	057894	078611	096409	119712	143010	165720	186989	212763	232728
014322	037523	057957	079700	096496	120246	143792	166251	188734	213059	232999
014715	037524	058904	079701	096907	121365	144324	166527	188799	213412	233145
015118	037573	059059	079834	097129	121522	144587	166626	188915	213521	233343
015578	038566	059172	080236	097181	122014	144727	167138	190137	214328	233409
015691	039362	059199	080261	097635	123607	145063	167267	190286	214466	234238
016053	039415	060049	080434	097896	124682	145819	167431	192180	214550	234366
016350	039530	060430	080772	098670	124935	146192	168036	192371	214700	234447
016502	040150	060432	081125	098827	125044	146782	168710	192785	214929	234580
016855	040166	060737	081234	098964	125876	147421	169000	192812	215284	234595
017051	041220	060746	081971	099124	126290	147582	169071	194623	215961	235026
017398	041684	060778	082641	099520	127114	147694	169328	195192	216456	235073
017571	041937	061168	082807	100195	127647	147825	169430	195664	216640	235086
017981	042046	061289	082872	101251	127724	148831	170303	195810	217247	235142
018949	042188	061472	083149	101417	128442	149658	170711	196478	217288	235229
019489	042849	061942	083333	101502	128830	149660	170898	196579	217480	235572
019997	043170	062373	083505	101682	128882	149933	171336	196686	217631	236806
020219	043300	063385	083882	103174	129540	151468	171488	196770	217897	236974
021239	043434	064252	083885	103419	129788	151968	171627	196783	218510	237272
021560	044423	064656	085779	103789	129856	152944	172202	196962	218806	237360
023070	045155	065101	085798	104254	130126	153028	172613	197148	218843	237415
023654	045488	065390	085938	105082	130198	153460	173952	197494	219386	237879
024392	046378	065730	086647	105574	130411	153557	174318	198235	219441	238975
										
										

239081	257671	283808	308327	332053	349545	370968	400053	421665	448340	475824
239696	257803	285925	309518	333029	349855	371335	400382	422030	448587	475890
240049	258449	286042	309617	333156	350137	371771	401006	422295	449947	476435
240317	258568	286519	309868	333412	351113	372674	401042	422694	450388	476512
240355	259332	286614	310138	334003	351309	373245	401118	424337	450392	477268
240893	259527	287249	310895	334093	351328	373320	401139	424342	450450	477507
241731	260516	287333	312531	334230	351360	373459	402162	424560	450734	477576
241868	260600	288053	312668	334649	351425	373818	402288	425091	452552	477716
242856	260641	288124	313188	334673	351448	373965	402341	425572	452683	478963
242982	260834	288141	313450	334909	351734	374899	402409	425881	452928	479047
243160	261008	288481	313728	335297	351790	375187	402598	426385	453718	479867
243660	263297	288768	313986	336135	352476	375228	402609	426532	454754	479902
243952	263397	288896	314446	336252	353359	376183	403499	426731	455035	480243
244572	263433	289913	314478	336369	353441	376405	403813	427275	455041	480356
244766	264227	291619	315177	336789	353834	377066	404295	428437	455397	480616
245116	264344	291662	315869	337070	354193	377296	404376	429446	455791	480967
245406	265245	292098	316519	337088	354655	377367	404558	429703	456193	481165
245551	265305	293073	316642	337476	354862	378277	404580	429740	456238	481339
245634	266266	293264	316661	337555	355067	378768	404594	431390	456298	483331
245759	266446	293307	316931	337717	355705	379992	406419	431427	456507	483855
245815	266641	293394	316932	337750	355943	380114	406514	433879	456775	484131
246308	266651	294572	316934	338139	356029	380938	406600	434575	457217	484133
246865	266653	295295	317720	338546	356048	381419	406768	434681	458548	485060
247146	266655	295519	318046	338666	357679	381734	408157	434839	458732	485219
247156	267359	295645	318195	339194	357807	381782	408387	434877	459442	485521
247258	268306	295950	318564	339308	358427	382155	408727	435271	459461	485686
247511	268940	296154	318762	339367	358577	382181	409998	435378	459594	486632
247524	269430	296263	318894	339723	358840	382997	410675	436117	459618	486768
248872	269968	296865	319503	339782	359622	384298	410902	436264	460580	487029
248983	272463	296975	319562	339961	359745	384823	412360	436546	460632	487659
250492	272532	297114	319603	340334	359839	385637	412479	437262	462742	487772
250678	273385	297127	320181	340507	360062	386037	412570	438143	462928	487984
250710	274245	297153	321483	340551	360220	386124	412787	438241	463174	488077
250853	274376	298093	321589	340717	360393	386218	412830	438314	463334	488798
250901	275481	298154	323181	340753	360704	386773	413147	438543	463650	488947
251128	276348	298286	323968	341534	360809	387510	413162	438617	464922	489212
251135	276764	298658	325120	341837	362103	388735	413923	438678	465446	490092
251147	277292	298846	325428	342326	362640	389920	413926	438811	466823	490154
251929	277538	299421	325493	342766	362697	390734	413992	440250	466898	490251
252424	278489	299937	325668	343307	363719	390894	414248	442449	467168	492071
252637	278545	301272	325879	343424	364519	391381	414599	442645	467492	492247
252674	278549	301398	326129	343468	364829	391871	414751	442760	468798	492560
253427	278738	302275	328124	344930	365438	393076	415991	443400	468916	492989
253788	278811	302519	328170	345523	366017	393429	416254	444210	469984	493080
255019	279167	303549	328180	346041	366519	393750	416760	444797	470131	493214
255084	279798	304132	328233	346935	366599	394782	417165	444907	471639	493790
255125	279985	305381	328270	347463	366952	395344	417994	445086	471678	493942
255391	280627	305933	328424	347647	367690	396160	418044	445714	472168	494436
255527	280730	306350	328934	348206	367789	397526	418178	445847	472984	494684
256011	280982	306561	329291	348528	368146	397870	418525	445983	473138	495087
256246	281085	306765	330172	348673	368194	397996	418529	446355	473739	495712
256436	281162	306839	330231	348713	368427	398031	419492	446459	473979	496135
256437	281173	307086	330378	348867	370398	398500	419778	447655	474234	496532
256834	282067	307219	330868	349026	370420	398893	420053	447707	474296	496783
257313	283165	307921	331023	349113	370567	398907	420877	447880	475618	497055
										
										
										
497117	516882	544080	562875	582154	610922	638584	660734	678128	703102	725654
497650	518762	544971	563683	582806	611062	638714	660812	679372	703195	725677
497670	519022	545239	563839	583238	612053	638792	660938	679587	703722	726507
498040	519309	545929	563884	583639	612118	638943	661315	679662	703775	726705
498787	519395	546383	564058	583941	612643	639160	662045	679945	703866	727708
499352	519986	546593	564123	584437	613959	640014	662385	679993	704308	728058
499610	520913	546640	564332	586072	615648	640088	662486	680845	705394	728141
499795	521392	547075	564756	586210	616203	641634	662846	681187	705738	728349
499810	521537	547294	565720	586830	616340	642077	663028	681334	707307	728427
500035	521569	547670	565768	586843	616894	642381	663245	682026	707909	729036
500287	521767	547771	565894	587269	616975	642422	663288	682172	708031	729429
500476	522041	548118	565970	587594	617282	642441	663496	682553	708549	729494
500663	522161	548146	566018	588679	617537	642483	663593	682554	708612	729611
501351	522674	548362	566081	588769	618805	643736	663931	683112	709319	730481
503618	523499	549051	566340	589595	618871	644134	664194	683679	709620	731382
503632	523870	549117	566758	590461	619055	644206	664500	686249	710216	731509
504338	524687	549372	566890	590938	619458	644288	664521	686474	710288	731964
504960	525438	550051	567693	591115	619598	644571	665003	686486	711116	732576
505099	526993	551534	567862	592383	620033	644972	665147	686922	711166	734109
505222	527077	552224	568034	593237	620748	645877	665472	687436	711168	734677
505329	527413	552231	568453	593273	620773	646632	665715	687626	711605	734718
505470	527605	553121	568651	593678	621272	646691	666473	687955	712805	734816
506485	527689	553377	568740	594497	621731	646694	666507	687967	712852	735312
507106	528011	553455	568856	595265	622268	646721	666546	688071	713379	736961
507109	529407	553569	569071	595461	623247	647043	666584	688269	713553	737130
507175	529716	553816	569763	596040	623424	647368	666745	688684	714016	738332
507484	529882	553907	570007	596413	623603	647454	666807	688727	714420	738383
507959	530609	554008	570980	597491	625915	648393	666999	689447	714594	738388
508096	532105	554272	571462	597493	627126	648757	667530	689484	714672	738440
508244	532189	554422	571511	597780	628058	649565	667545	689946	714789	738991
508569	532998	555130	571560	597914	628084	649651	667637	690220	715377	739047
508741	533434	555766	572679	598173	628547	649758	668036	690284	715628	739303
508844	534058	555886	572990	598243	628657	649763	669053	690507	715792	739485
508879	534877	556461	573226	598414	629160	649915	669233	690550	716575	739916
509085	535277	556577	573873	598554	629816	650030	669686	690684	717687	740818
509224	535331	556766	574184	599643	629999	650693	669696	691239	718140	740857
509378	535652	556823	574427	600328	630410	652240	670163	692227	718149	741087
510389	536403	556864	574522	600862	630479	652255	670827	693249	718775	742425
510774	537168	556884	574630	600986	631078	652941	671049	694120	719674	743321
510971	537281	556931	575351	601971	631458	653175	671598	694348	719896	744845
511258	537464	557475	576070	602149	631975	653235	673628	694945	720792	745330
511700	537566	557582	577362	603492	632140	653901	674612	695638	720961	745444
511826	537569	557592	577590	603822	633172	653911	674625	695761	721839	746065
511989	538213	558292	577835	604624	634316	654630	674978	695957	721857	746319
512443	538434	558409	578103	606671	634406	655246	675384	696394	722068	747141
512481	540058	558829	578497	606880	634479	655255	675459	696823	722532	747770
513063	540156	558909	578559	607198	635091	655744	675481	697035	723193	747878
513754	540212	559400	578651	608050	635235	656701	675608	697580	723330	747900
513806	540518	559435	579166	608140	635634	657084	675684	698545	723343	748114
513948	540575	559667	579551	608220	636509	657904	675822	699287	723809	748391
514110	540936	559800	579780	608744	636568	658826	676328	700455	724083	748746
515917	541404	560012	580689	609407	636588	660019	676877	700850	724407	749417
516388	541657	560244	580763	609844	637450	660328	676882	702321	724476	749586
516406	542978	561105	580964	610189	637609	660337	677922	702351	724545	751380
516678	543982	562764	581177	610646	638529	660638	678029	702933	725116	752858
										
										

752981	781839	803076	826201	844853	871870	898955	924259	943773	966415	989765
753938	782092	803671	826417	845829	872545	899318	925195	943857	966793	989965
755176	782187	804052	826509	846659	872803	899734	925529	944586	966898	990525
755222	783870	804070	826691	847760	872981	899977	925954	944679	966922	990990
755588	784036	804090	827063	847863	873821	900003	926087	945070	967085	991059
755737	785207	804415	827371	847871	874294	900985	926537	946176	967251	991109
757377	785411	804907	827434	848520	874473	901627	926855	946463	967350	991947
757437	785474	804991	827678	848669	874480	901678	927446	946724	967385	993391
757443	785543	806435	827686	848862	876280	902293	928109	947913	969889	993745
758516	785552	806704	828560	849048	876335	902466	928358	947931	969980	993749
758628	786115	807014	828623	849103	876531	902555	928644	948258	970139	993864
758698	786141	807431	828687	849188	876776	902657	930125	948284	970336	993899
759181	786452	807461	828729	849457	877027	903238	930302	948683	970345	993954
759283	786512	807779	828849	849583	877134	903611	930375	951362	970661	994114
759695	786924	808037	829654	850752	877675	904210	930760	951770	970845	994203
760863	787308	808508	829740	851187	878034	904334	932100	951929	970963	995002
761557	787918	809441	830013	851721	879311	905601	932535	953275	971448	995041
761686	788062	809987	830233	852002	879827	906690	932709	953638	973168	995111
761982	788657	811532	831749	853073	880416	906699	932908	953903	973372	995260
762222	788790	811671	832727	853351	880454	906802	933832	953940	974344	995541
762466	789198	811896	833129	854049	882974	906816	934275	953988	974446	995554
762559	790181	811909	833144	854524	883176	906873	934403	954191	974525	995631
763091	790386	811912	833359	855847	884513	907547	934558	954246	975616	996127
763404	790466	812516	833459	855851	884653	907689	935174	956120	975742	996450
765545	790925	812726	833526	856112	884837	908508	935400	956289	975885	997309
766123	791248	813056	834066	856334	886142	908853	936324	956585	975888	997655
766746	791251	813244	834296	856918	886195	909790	936768	956663	976191	998006
766786	791837	813459	834508	857302	886344	910475	936802	956937	976656	998152
766979	791986	813747	834978	857894	888138	911124	937319	957270	977328	998834
768631	792141	814073	835847	858638	888653	911815	937597	957572	977974	xxxxxx
768933	792259	815592	836749	859074	888966	912049	937740	957785	978226	xxxxxx
769490	792277	816724	837036	859075	889445	912900	939104	957945	978589	xxxxxx
769561	794339	816755	837294	859495	889907	913533	939188	957994	978630	xxxxxx
769604	794487	816816	837346	859832	890002	913671	939818	958074	978987	xxxxxx
769619	794638	817110	837837	859916	890047	913710	939900	959004	980543	xxxxxx
771161	794654	818308	838001	860740	890357	914138	940135	959802	982133	xxxxxx
772017	794702	818378	838070	860747	891115	914591	940140	959874	982220	xxxxxx
772474	795446	818505	838155	862094	891513	914791	940145	960238	983234	xxxxxx
772588	795692	818882	838284	862525	891539	914924	940253	960352	984851	xxxxxx
773081	796770	819640	838594	863253	891807	915040	940764	960361	984860	xxxxxx
773461	797006	820007	839031	864241	891876	915297	940803	961022	985354	xxxxxx
774520	798604	820042	839354	864664	892015	915615	940943	961654	986124	xxxxxx
774772	798702	820477	840094	866567	892765	915782	940957	961837	986148	xxxxxx
775014	799341	821455	841189	866781	893415	915965	941620	962030	986500	xxxxxx
775407	799838	821550	841970	866934	894472	916154	941976	962236	986665	xxxxxx
775582	799843	822355	842472	867048	895614	917085	942669	962251	987089	xxxxxx
775900	799931	822972	842534	867721	895780	917355	942762	962367	987922	xxxxxx
776233	799967	824425	842586	868364	896349	917694	942844	963331	988201	xxxxxx
777252	800030	824498	842816	868729	896816	918514	942845	963670	988205	xxxxxx
777255	800394	824917	843292	868834	897272	918815	942881	963873	988274	xxxxxx
779016	800533	825358	843975	870784	897313	919558	943207	963888	988612	xxxxxx
779344	800616	825672	844188	871206	898062	920004	943286	964382	988629	xxxxxx
779482	800719	825817	844433	871539	898557	922953	943380	964536	988822	xxxxxx
781095	802645	826084	844687	871566	898623	923060	943538	965675	988909	xxxxxx
781425	802919	826104	844833	871698	898736	923596	943580	966253	989378	xxxxxx
										
