                       DRAW OF Rs.200/- PRIZE BOND

		        HELD AT PESHAWAR
Draw No.83rd					

Series:	Common Draw					Date:15/09/2020

----------------------------------------------------------------------------------



First Prize of Rs.750,000 /-



096176

----------------------------------------------------------------------------------



Second Prize of Rs.Rs.250,000/- each.



252176   615558   693713  745540  747752

----------------------------------------------------------------------------------	

										

2394 Prize(s) of 1250/-  Each

000027	026233	041505	062886	085773	106032	131758	151872	174175	194644	215528	238327
000312	026337	042671	063159	085838	107868	131956	152479	174328	194705	215543	238349
000569	026542	042890	063365	085894	109986	132823	152899	174677	194720	215650	238750
000927	027258	042992	063561	086622	111351	132977	153620	175049	194907	217624	238881
002892	027569	043039	063707	087653	111475	133183	154051	175094	195369	217704	239259
003687	027781	043068	064270	088312	111969	134452	155605	175983	195488	218295	239277
004368	027896	046084	064819	088431	112644	134517	155746	176255	196448	219099	240035
005145	028182	046602	065004	088860	112649	134809	155980	176991	197358	219448	240239
005268	028193	047142	065476	089628	113386	134857	156223	177062	197569	219481	241620
005758	028348	047427	065687	090026	113542	135041	156578	177177	197763	219516	241897
005812	028393	047521	065771	090185	113853	135450	157071	179458	197897	220077	243910
006022	028622	048050	065834	090683	113869	135454	157615	180471	198745	220175	244043
007120	029038	048144	066014	091740	114133	136921	158127	181706	199371	220949	244653
008417	029098	048353	066105	091994	114207	137006	159151	181963	199630	221276	244719
008617	029302	048371	066749	092236	114729	137492	159392	182222	199952	222402	246458
009342	029321	049030	067337	093090	114998	137933	160475	182371	200707	222538	246892
009477	029352	049658	067617	093091	115184	137970	161069	182970	200998	223163	247275
009768	029648	050790	068356	093279	115243	138219	161639	183264	202240	223273	247521
010766	029744	051181	070076	093301	115296	138719	161841	183463	202513	223726	247614
011539	029766	052117	070571	094058	116503	138912	162832	183792	202727	223957	247807
011834	029988	052162	070636	094186	117175	139311	163121	184249	203072	224550	248266
012138	030289	052239	071762	094475	117200	140155	163179	184607	203399	224798	248283
012400	030592	052564	072051	096840	117366	140203	164107	184672	203870	226674	248825
013275	030907	052684	072524	096853	117906	140827	164321	184712	204014	226875	248899
013665	031390	052789	073068	096915	118668	141019	164859	184808	204043	227369	249238
013967	031594	053061	073991	097068	118845	141084	164998	184948	204198	227540	249782
014550	031716	053516	074488	097375	119397	141319	166393	185123	204307	228096	252736
014910	031730	054113	074770	097662	120429	141483	166619	186006	204417	228455	252753
016842	032682	054316	075795	097764	120766	141753	166770	186135	204694	229610	252956
017255	032779	054631	076562	098062	121082	141951	167369	186143	205580	230372	253330
017400	033361	054854	077126	098365	123070	142101	167518	186560	205613	230398	253508
017620	033371	055011	077219	099446	123221	142358	167703	186718	205873	230466	253720
017996	033432	055259	077224	099911	123626	143125	167797	187654	207174	230782	254666
018241	034857	056157	078542	100209	124267	143797	168176	187823	207199	232014	255035
018393	034995	056674	078854	101265	124372	144025	168951	188812	207676	232258	256369
019570	035389	056862	079997	101311	124484	144373	168952	188950	207981	232923	257105
019949	035417	058982	080031	101572	124644	144471	169818	189263	209354	232928	257401
020190	035485	059541	080084	101772	124776	144673	169904	189323	209762	232930	257408
020395	036123	059660	080118	101814	124828	145693	170054	191073	209848	234162	257649
021385	036462	060169	080754	101987	124922	146037	170994	191441	211426	234359	258388
022003	036644	060180	080767	102272	124997	146181	171497	191693	211674	235293	259147
022829	036830	060185	080848	103524	126665	146593	171632	191935	212246	235315	259170
023073	036884	060487	081169	104286	127056	146979	171749	191956	212413	235347	260736
023332	037202	060545	081339	104587	127187	147031	171833	192324	212420	235593	260983
023692	037965	060566	081554	104927	127209	147596	171902	192504	212806	236116	261088
024338	038002	060937	082194	104948	127667	147985	171975	193024	213839	236220	261773
024360	038034	061226	083167	105258	127810	148193	172011	193183	213872	236250	262154
024415	038159	061377	083933	105273	129049	148867	173223	193442	214236	236903	262208
024605	038534	061385	084118	105407	129118	148956	173322	193529	214314	237124	262953
025405	039280	062069	084209	105693	129308	149548	173397	193732	214516	237269	263400
025611	039360	062507	085104	105708	129822	151072	173875	193884	214993	237692	264150
026120	040681	062509	085375	105840	130730	151739	174144	194014	215123	237987	264649



264733	285168	304010	326397	346050	363781	380585	397962	416154	439939	462491	488157
264754	285330	304039	326829	346226	363858	380610	398275	416178	439958	462863	488290
264910	286083	304042	327047	346755	364252	380948	398444	416546	440092	463963	488995
265134	286249	304371	327293	347369	364403	381015	398790	417005	440684	465329	489249
265178	286306	304818	327336	347555	364429	381579	398927	417939	440974	466127	489296
265465	286734	304989	327862	347864	364500	382215	400116	418380	441705	466192	489339
265638	286755	305773	328023	348447	365442	382632	400420	418475	442907	466349	489395
265934	286912	306057	328046	348619	365512	382757	400688	418726	443097	466743	490241
266363	287226	306428	328787	348863	365530	382906	401195	418729	443885	466897	490744
266513	287449	307347	329104	348908	365857	384273	401489	418991	444055	467371	491073
266660	287510	307679	329204	349130	366134	384723	401691	419723	444202	467765	491462
267873	288506	308160	330691	349694	366669	384741	402009	420593	444727	467770	491537
268291	289219	309102	330946	349697	367147	384863	402302	420805	445613	468497	491655
268303	289782	309544	330965	349923	367589	384929	402933	421961	446467	468798	491849
268304	289976	311562	331306	350055	367909	386132	403571	422402	446512	469104	491860
268395	290163	312151	332618	350506	368000	386514	403582	422579	446717	469422	492155
268533	290495	312214	332684	350639	368228	386702	404005	423301	446983	469528	492214
268915	290638	312342	332859	350762	368703	387003	404316	424371	446989	469717	492869
268994	291584	312646	333146	350845	369043	387030	404354	424760	447023	469853	493825
269145	292305	313182	335025	351157	369524	387044	404754	424806	447546	470063	494062
269151	292385	314584	335113	351235	369655	387924	405839	424976	447947	470315	494211
269543	292456	314587	336659	352623	369886	388123	406563	425792	448821	471196	495643
270658	293334	314864	336702	353504	369934	388180	406981	426289	449960	472198	495925
271005	293361	317563	337058	353517	369966	388251	407027	426294	450353	473861	496517
271305	293422	317639	337283	353524	370134	388699	407078	426365	451047	474340	497261
272213	293428	317902	337450	353545	370254	388999	407950	426837	451144	474716	497469
272273	293509	318700	337552	353606	371235	389044	407961	427316	451235	474753	497527
273223	294175	318925	337994	354279	371368	389285	408077	427920	451617	475322	498009
273768	294176	318996	338368	354872	371431	389793	408137	428601	452278	476188	498179
273808	294183	319348	338398	356156	371495	390297	408235	428791	452568	476225	498314
275535	294456	319455	339202	356432	371830	390512	408587	429643	453025	476481	499665
275666	294646	319485	339484	357043	371878	390580	408601	429661	453049	476708	500769
275932	294878	320692	339636	358014	371884	390824	408620	430103	453515	477682	501198
275981	295180	321071	339808	358054	371891	391177	408848	430269	454042	478040	501208
276410	295293	322075	339883	358197	372054	391337	408886	430437	455503	478732	502220
276804	295658	322515	341542	358510	372819	391647	409265	431768	456023	478887	502509
277007	295784	323104	341906	358776	373208	391694	410303	431940	456304	479069	502726
277043	296494	323185	341958	358814	374295	392242	410477	433504	456457	480850	502797
277094	296587	323260	342177	361053	374422	392528	410622	433526	456660	481572	503823
277304	296846	323293	342338	361514	375165	392701	410827	433864	456969	481576	504089
277606	297221	323702	342481	361564	375183	392704	411016	434205	457467	481950	505441
277687	297505	323917	343003	362019	375860	393202	411041	434299	457765	482293	505489
278000	297674	324291	343225	362052	376074	393266	411334	435053	458059	482419	506004
279159	298175	324425	343518	362153	376434	393530	411880	435494	458188	482644	506085
280454	299496	324526	343556	362172	377343	393888	412159	437010	458479	482888	506738
280767	300337	324674	343982	362195	378519	394970	412557	437561	458943	482961	507279
281389	300558	325041	344204	362263	378608	395083	412867	437997	459381	483094	507713
282532	301382	325090	344298	362372	378766	395121	412929	438363	459528	484419	507918
283120	301683	325139	344415	362414	379156	395582	413806	438364	460255	485217	508342
284004	303003	325307	345745	362901	379544	396409	414153	438601	460953	486870	508475
284086	303681	326093	345754	363198	379742	397246	414373	439257	461239	487316	508522
284606	303802	326283	345954	363416	380139	397674	415303	439288	461466	487404	508601



509046	531418	551602	577363	600278	618664	637069	657357	678745	695195	720452	739735
509795	532199	551930	578039	600326	619091	637514	657509	678835	695252	720726	740166
510164	532753	552054	578075	601502	619912	637603	657733	679767	695395	720749	740833
510465	532938	552224	578886	601881	621487	637624	657996	679774	695398	720830	741209
511993	533053	552423	579016	602132	621579	637844	658214	679783	696577	720929	741308
513323	533136	552956	579515	602337	622821	638167	658318	679913	697058	721197	741449
513420	533299	553361	580845	603388	622825	638542	658616	679934	697223	721501	742152
514448	533377	553519	581098	603457	622908	639370	658929	680175	697828	721535	743214
514870	533832	554451	581558	603586	623108	639707	659157	680653	698335	721932	743881
515201	534936	555365	581706	603625	623667	639989	659232	680675	699662	722396	744645
516518	534987	555603	582596	603795	623755	640051	659711	680779	700034	722524	744838
516772	535184	557510	583250	603958	623881	640066	660201	681177	700082	722707	744892
516796	535252	557600	583273	604617	623908	640855	660554	681238	700233	722899	744954
516990	535505	558034	583453	604910	624166	641511	661056	681804	701655	723478	745843
517050	535725	558255	583836	605115	624782	642205	661498	681994	701972	723568	746022
517388	535808	558291	583853	605119	624875	643252	661850	682575	702546	723580	746850
517434	535841	559425	583889	605703	624986	643477	661977	682859	703310	723700	746993
517566	536529	559748	583920	605818	625874	643621	662316	682935	703699	724555	747984
517762	536576	560434	584015	605821	626816	644639	662317	685144	703993	724958	748381
518113	537031	560691	585550	606239	626830	645082	663116	685191	704752	725026	748863
518230	537539	560895	585608	606708	626991	645121	663545	685444	704786	725419	749494
518396	538120	560997	585840	607007	627989	645611	663732	685706	705204	725552	749610
518468	538202	561000	587307	607136	628320	646419	663769	686209	705218	725664	750139
519245	538316	561371	587478	607912	628941	646454	664127	687237	706586	727170	751467
519298	538439	561887	587555	608666	629072	646682	664650	687951	706852	727272	751518
520846	538818	562186	587595	608978	629187	647133	664683	688048	707302	728142	751574
521040	539116	562738	587605	609629	629368	647295	665669	688951	707425	729508	751674
521176	540140	563384	588141	609839	630060	649363	666047	689404	709339	730048	751796
522734	540365	564425	588248	610315	630446	649476	666327	689630	709464	730217	751927
522891	540467	564462	588479	610817	630991	650047	666458	689845	709558	730610	751957
523538	542673	565421	588501	613372	631008	650450	666500	690016	709926	731910	752855
523624	543067	566685	588502	613845	631086	650729	666539	691153	710178	731943	752953
524067	543415	567150	588719	614127	631350	650938	666893	691571	710297	732012	752961
524422	543432	567242	588793	614406	631445	651002	667266	691574	710702	732283	753551
525938	543881	568112	589123	614535	631577	651048	667287	691970	711673	733087	754721
526618	543933	569777	589232	614668	631764	651051	667503	692100	712307	733226	755015
526625	544111	569860	589757	614840	631904	651707	668081	692325	712559	733652	756021
526824	544343	569868	590044	614886	632153	652667	668783	692684	712925	733670	756662
526901	544483	570505	590361	615030	632906	653078	669534	693252	713799	733861	756721
526912	544546	570956	591452	615185	632940	653218	669612	693443	714124	734090	756805
528067	545068	571245	591892	615374	632964	653732	670694	693601	714165	734153	757658
528239	545271	572625	592553	615443	633060	654015	671392	693764	714355	735005	758449
528491	546271	572921	593337	616275	633257	654605	672253	693901	715915	735104	760485
528679	546332	572954	593449	616377	633643	654640	672446	694028	716558	735489	763544
529588	546790	573325	594482	616417	633898	655355	672608	694042	716737	735747	764398
529814	547272	573607	594878	617165	634244	655635	672811	694058	717032	738028	765097
530152	548560	575936	596356	617174	634412	656023	673732	694136	718487	738482	765374
530366	548655	576169	597354	617380	634428	656088	674768	694475	718509	738845	766006
530554	548990	576226	598042	617539	636071	656366	676157	694492	718587	738890	766084
530632	550153	576531	598159	617643	636228	656479	676433	694831	719175	739143	766100
530748	550226	576694	598634	618283	636436	656917	676957	695025	719490	739474	766145
530787	551504	577094	599364	618326	636775	657122	678141	695082	719608	739496	766456



766469	786022	805848	824680	841852	865195	884646	902476	929318	950936	968127	986056
767070	786249	806172	826448	842579	865586	885170	902907	929730	951428	968889	986346
767238	786869	806313	826536	843387	866085	885523	902940	929946	951948	969043	986887
768582	787762	806662	826916	843498	866284	885760	903490	930211	952064	969547	986988
769419	787775	807380	826932	843545	866543	886173	903815	930478	952105	969860	988139
769675	787903	807520	827288	844871	867463	886195	904223	931303	952261	969889	988513
769916	788131	807716	827477	844888	867574	887389	904710	932222	952371	970665	988666
770417	788743	808187	827784	846649	867990	887488	905268	934456	953542	970677	989139
770696	788887	808293	827808	847548	868193	887638	905288	935402	953743	970739	989598
770755	789259	808873	827986	847589	868471	888223	905579	935418	954212	970865	989961
771012	789440	809098	828078	848721	869029	888370	906435	935615	954956	970882	990002
771635	790466	809875	828802	848885	869188	888692	906488	936336	956435	970945	990464
771826	790604	811959	828813	849089	869225	889238	907909	936659	957647	972637	990841
771998	791264	812327	829641	849569	869304	889310	908422	937012	958377	972728	992257
772004	791399	813173	830111	849685	869345	889459	908935	937351	959964	973437	992757
772427	792390	813605	830228	850279	869735	889502	909520	938642	960251	973823	993410
773398	793462	813764	831066	850537	869846	889533	909861	938738	960437	974185	993643
773790	793516	814361	831609	850762	869901	889541	910535	939373	960877	974389	993654
774698	794388	814867	832831	851369	870292	890197	910998	939528	961067	974884	993935
775562	795281	815022	833224	852006	870785	890962	911105	939671	961298	975594	993958
775833	795390	816225	833497	852129	872502	891122	911131	939988	961354	976664	994695
778129	795944	816403	833728	852829	873007	891239	911771	940560	961432	977104	994838
778539	796668	816450	834651	853260	873953	892187	912096	941668	961827	977274	994850
778924	796827	816677	834697	853672	874250	892982	912317	942142	962696	977320	995058
779473	797040	816696	834782	853854	874944	893800	913614	942333	962889	977425	995088
779662	797455	817100	835855	855118	875483	893877	915995	943954	962902	977714	995140
779664	798001	817521	836764	855466	876626	894134	916395	944034	962920	978011	995770
780505	798332	817687	836915	856024	877185	894894	917599	944083	963091	978229	996064
781180	798346	818307	837005	856060	877235	894937	918070	944467	963096	978453	996664
781402	798362	818376	837082	856582	877323	895021	918349	944869	963147	978716	996719
781632	798412	819570	837094	856707	877987	895604	918941	945883	963159	979281	997251
781712	799747	820057	837289	857271	878359	896222	919016	946110	963381	979419	998448
782450	799893	820504	837504	857699	878601	897207	919948	947374	964490	979951	998450
782761	800827	820682	837702	857780	878877	897779	921016	947807	965011	980066	998615
783096	801180	820781	839079	858644	879028	898425	921538	947995	965053	980893	998684
783117	801323	821486	839146	859024	879276	898582	922824	948739	965351	980940	998953
783831	801783	823069	839909	859405	879676	899884	924628	948870	965531	982938	999112
783938	801788	823224	840188	861333	880069	900016	924665	948892	966147	983067	999797
784164	803517	823308	840447	863356	880495	900698	924686	949472	966247	983149	******
784254	804130	823372	840686	863620	880752	900932	925327	949475	966390	983611	******
784463	804223	823430	840728	863935	881279	901053	925677	950511	966530	983752	******
784913	804464	823448	841262	864770	882449	901232	926379	950610	966685	984391	******
784930	804801	823460	841387	865018	884433	901941	926783	950655	967158	985281	******
785642	805001	823520	841465	865188	884631	902453	928171	950886	967245	985361	******


