                       DRAW OF Rs.200/- PRIZE BOND

		        HELD AT QUETTA
Draw No.82nd					

Series:	Common Draw					Date:15/06/2020

----------------------------------------------------------------------------------



First Prize of Rs.750,000 /-



275942

----------------------------------------------------------------------------------



Second Prize of Rs.Rs.250,000/- each.



242651 	588088  604771  644033  948103

----------------------------------------------------------------------------------	

										

2394 Prize(s) of 1250/-  Each

000237	018988	036761	049501	068011	090578	113771	130342	150130	169328	186063
000298	019506	036941	049533	068015	090702	114642	130686	150151	169895	187081
000384	019917	037013	049704	068289	090797	114949	130884	150226	169997	187250
000610	020051	038035	049759	068447	090972	115582	131160	150390	170019	187965
000612	021046	038063	050393	068732	091194	115896	131304	150728	170222	188225
001049	021401	038085	050627	069100	092376	116109	131642	150861	170293	188696
001376	022032	038859	050662	069422	092671	116316	132631	150920	170711	188751
002203	022060	039152	051020	069654	092998	116973	133072	151502	171007	188779
002333	022091	039327	052034	071219	093080	117416	133825	152340	171839	189250
002822	022142	039562	052464	071780	093709	118045	134137	152610	171846	189442
003777	022377	039602	052469	072305	094770	118914	134246	152678	171869	189914
004595	022564	039970	052807	072365	094959	118927	135393	154262	171950	190461
005137	022640	040008	053864	073878	095065	119009	135543	155233	172120	190540
005220	022736	040090	054141	074179	095095	119293	135595	155350	172362	191106
005856	022941	040815	054169	076300	095280	119391	136310	155493	172560	191186
006286	023681	041248	055743	076534	095520	119512	136451	155525	173395	191239
006339	023988	041276	056249	077655	096077	119539	136943	155568	173607	191505
006480	024210	041388	056303	078048	096435	119568	137069	155753	173723	191562
006567	024590	042288	057179	078753	097355	119807	137444	155894	173780	191850
006605	024990	042387	058007	078794	097843	119957	138313	156716	173939	191887
007967	026397	042415	058291	079042	097966	119960	138525	157167	174054	191950
008198	027233	042706	058587	079352	097993	120121	138672	158264	174773	191993
008407	027462	042822	059230	079763	098098	120368	140213	158535	175081	192086
008614	027619	043110	059381	079977	098884	120836	140235	160083	175154	194827
008787	027678	043309	060260	081098	099045	121200	140313	160983	176171	195083
008842	028197	043416	060373	081486	099733	121529	140409	161110	177474	195097
009812	028817	043444	060984	082026	100052	121755	140646	161182	178827	195404
010255	029080	043520	061035	082108	100511	122093	141249	161440	179223	195595
011288	029153	043624	061793	082253	100604	122272	141496	161831	179600	195912
011478	029349	044002	061871	082786	102248	122274	142028	162012	179614	196419
011519	030125	045008	062095	082843	102532	122489	142080	163163	180187	196801
011763	030371	045693	062868	083781	102944	122560	142384	164905	180219	196969
012279	031216	045874	063122	084661	103270	122803	143114	165648	180767	197905
012747	031408	046044	063137	084700	104126	123630	143183	166429	180867	197937
013293	031548	046229	063505	085617	104879	124180	143406	166663	180996	198368
013642	032351	046254	063908	085977	105685	124371	144130	166726	181053	198554
015198	032504	046286	064147	086979	106487	125454	144615	166751	181101	198861
015489	034694	046859	064623	087202	107334	125882	145068	167095	181102	198868
015735	034840	047586	064809	087426	107587	127086	145327	167329	181754	198948
016861	035523	047729	065494	087601	107593	127377	146601	167577	182240	199309
016969	035793	048409	065666	088559	107826	127390	147127	167856	182858	199502
017534	036012	048512	066363	088710	107921	127758	147547	168212	183917	199733
017904	036299	048632	066984	089294	108437	127864	148458	168360	184414	200029
018420	036451	048828	067899	090296	110692	128051	148836	168466	184979	200339
018458	036518	048841	068007	090371	113609	129122	148948	168991	186055	201331



201414	217034	236846	257055	273473	291567	308784	328094	347646	364396	381688
201766	217146	236988	257127	273746	291650	309359	328581	347820	364447	382975
202304	218757	237222	257147	273752	292069	309637	329186	348111	365260	383013
202311	218880	237309	257149	274940	292122	309835	329441	348665	365708	383047
202358	219575	238394	258993	276702	292349	310185	329465	348728	365848	383625
202874	220609	238404	259085	277211	292522	310352	329750	348835	366051	383822
202884	220632	238485	259355	277353	292687	310362	330130	350085	367331	384029
202893	220655	239049	259562	277564	292991	310780	330703	350338	367485	384864
203497	220773	239202	259950	277945	293425	311425	330991	350591	368069	385205
203807	221025	239328	260344	278142	293459	312139	331588	350665	369104	386043
203888	221807	241809	260847	278266	293573	312179	331702	350676	369556	386184
203921	223046	241969	260988	278658	293856	313500	331709	350796	369567	386496
206819	223115	242603	261293	278813	294004	314002	331818	350837	369764	386571
207064	223482	243078	261401	279059	294013	314265	332594	350892	369838	386754
207425	223601	243102	261902	279639	294572	314366	333060	351283	371006	387094
207666	223906	243779	261967	279651	294718	314525	334240	351327	371245	387390
207832	224368	243897	262063	280079	294856	314948	334947	351466	371552	387703
207940	224672	244091	262728	280105	294940	315466	335024	351618	371578	387775
208070	224707	244281	262790	280228	295112	315541	335654	351630	371760	387800
208330	224774	244327	262820	280724	295264	315579	335693	351889	371974	388081
208631	224822	244969	263122	281750	295369	315604	336132	352588	372101	388183
209064	224878	245615	264657	282031	295572	316445	336440	352748	372494	388234
209130	224984	246102	264964	282227	295650	316530	336573	353800	372612	388263
209594	225162	246363	265382	284010	295907	316698	337022	354351	372669	390368
210257	225235	246557	266797	284679	296347	316713	337202	354816	373254	390472
210419	226125	246877	267121	284924	298083	316827	337371	357562	373573	390714
210455	226181	247184	267923	285689	298189	317278	337597	357786	373590	390877
210614	226310	247841	268094	286656	298249	317698	337735	357836	373810	391012
210817	226671	248193	268264	286793	298493	318075	338988	358156	374138	391083
211309	226913	248351	268562	287056	298739	318359	339115	358639	374666	391698
211882	227226	248683	268788	287161	298969	319538	339426	359055	374928	392408
212083	227537	249190	269065	287300	299152	319828	340256	359479	375388	392653
212371	229048	249374	269087	287733	299202	319834	340643	359650	376083	392786
212629	230532	249538	269566	288285	299209	319845	342227	359908	376287	393309
213736	230896	250664	269716	288295	299728	320072	342436	360055	376706	393521
213858	231698	250826	270096	288402	301024	320378	343406	360920	377033	393631
214674	232546	251401	270146	289682	301347	321768	344204	360971	377176	395124
214717	233193	252612	270646	289688	301698	323741	344682	361335	377842	395368
214982	234124	253570	270955	289842	302680	324807	345073	361398	378078	395615
215307	234363	253979	271042	289950	303390	325009	345433	361655	379566	395932
215595	234707	254339	271110	290025	303635	325156	346219	362144	379819	396158
215636	235614	254609	271876	290841	303986	325283	347247	362504	380130	396758
215666	235722	254748	272236	291083	304749	326645	347260	362903	380327	397003
215817	236110	255970	272477	291385	305249	326746	347347	363859	380455	397568
216019	236119	256381	273325	291389	306508	327835	347530	364069	381540	397676


397688	419528	441734	461104	482547	499493	515939	531779	554279	574606	593804
397950	419973	442906	461761	482633	499943	516056	531838	554297	574982	594289
398174	420078	443014	462869	483628	500151	516357	531941	554398	575085	595691
399759	420513	443364	463530	483721	500348	516672	532552	555523	575280	595708
400228	420699	443405	464009	483993	500860	516789	532839	555908	575322	595986
400489	420712	443439	465318	484756	501118	516890	533942	556159	575339	596191
400712	420867	443947	465471	485333	502139	516926	534383	557160	576229	596825
401357	421222	444505	465543	485481	502432	517556	534536	557386	576326	597224
402790	421397	444866	465655	485704	502528	517748	534607	557477	576559	598709
404638	421475	445070	466891	486215	502720	518026	534695	557601	576678	598967
404851	421764	445268	466997	486453	502849	518224	535278	557801	577033	599240
405151	422985	446126	467081	486469	503352	518737	535493	557961	577746	599383
405200	423637	447224	467540	486703	503616	518883	536041	558071	578394	599761
405680	423842	448746	467909	487173	503805	519194	536361	558087	579546	600038
407092	424206	449499	468608	487370	503857	519915	536584	558250	579929	600154
407718	425700	450362	468719	487822	504194	520105	537293	559502	580352	600345
407836	426901	450365	471217	487935	504721	520623	537371	559882	580682	600428
408495	427352	450466	471367	489081	504748	520858	537456	560127	581201	601295
409468	427925	451612	471412	489869	505106	521010	538889	561187	581299	601328
409849	428497	451850	471577	490442	506685	521927	539309	561466	581771	601489
410171	428646	452403	472172	490840	507028	522356	541887	562056	581984	601658
410533	430356	452990	472374	491428	507232	522500	542185	562100	582044	601797
410832	430562	453040	472516	491462	507324	523749	544924	562164	582252	602148
411050	431578	453210	473005	491773	507576	524011	545088	562589	582614	602470
411589	431846	453284	473912	491856	507692	524212	545499	564639	583046	602594
412174	432104	453584	474355	491876	508017	524238	545755	564726	583465	603838
412364	432646	453702	474356	492464	508875	524562	546204	564736	584906	604173
412593	432992	454702	474698	493243	509133	524708	546439	564890	585213	604541
412734	433623	454763	475620	494286	509411	525019	546525	564936	585331	604757
413071	434399	455146	476271	494551	509451	525445	547268	564993	586013	605344
413144	434970	455298	476559	494564	509940	526063	547898	565315	586128	605840
415376	435113	455771	476781	495039	510179	526425	548031	566130	586424	606097
415761	435186	456100	477533	495253	510188	527379	548866	566294	587175	606822
415771	435712	456790	477686	495688	510392	528202	549279	566493	587371	607766
416197	436585	457330	478284	496179	510459	528797	549612	566801	587559	608144
416226	437110	458152	478605	496793	510500	528837	549722	567004	587606	608284
417272	437389	458272	479598	497013	511648	529261	550521	567086	587850	608707
417384	438315	458596	480710	497109	512070	529376	551177	567402	588091	608724
417686	438520	458959	480741	497217	512237	529424	551640	567586	588180	608975
417880	439592	459527	480882	497433	512267	529712	552051	571099	588433	609288
418626	439958	459584	481105	497685	514133	530058	552085	571618	588621	609494
418692	440376	459688	481280	497797	514293	530747	552613	572452	590459	609709
418894	440657	459775	481298	498106	514800	530857	553711	572587	592139	610534
418940	440791	460458	482212	498346	515302	531172	553715	573164	592461	611006
419117	441251	460865	482225	499345	515573	531550	553719	573607	592996	611178


611555	631414	648378	665991	681441	697887	717631	734936	756254	774515	796789
611935	631472	648464	666059	681735	698740	718356	735451	756377	774683	798144
612013	631558	648924	666326	681864	698982	718426	736187	756489	774754	798691
612570	631623	649006	666740	681975	699383	718820	736856	756717	775161	798728
612707	631633	649599	666765	682485	699615	718986	737018	757262	775302	799669
612848	631681	650011	666819	682591	699685	719165	737743	757538	775644	799970
613503	633006	650292	667019	682602	699827	719332	737903	757557	776606	800401
614284	633047	650338	667151	682955	701029	719887	738557	758930	778114	801445
615205	633476	650635	667784	683073	701163	720193	739395	759460	778957	801574
615508	633869	650742	668824	683162	701512	720312	739761	759607	779191	801708
616313	634892	650819	668884	683230	701561	721213	740105	760671	779567	802571
616824	634950	651597	669280	683495	701741	721445	740117	760862	779677	802889
616916	635291	651654	669604	683842	702029	721747	740291	760877	780450	803049
617314	635524	652056	670194	684190	703268	722105	740717	761074	781432	804858
617725	635855	652558	670339	684490	703602	722121	741023	761462	782091	805063
618234	636127	652697	670737	684671	704930	722308	741032	762512	782905	805384
618856	636254	652738	670940	684877	706180	722828	741307	762871	783109	805590
619023	636523	652765	671328	684885	707663	723627	741677	763294	783166	805670
619620	636610	653000	672456	685756	708341	723755	743157	763814	783459	806257
619680	637363	653033	672756	686670	709169	723987	743632	763999	784155	806263
620384	637613	654484	672955	686672	710163	724133	744500	764056	784784	806285
620659	638451	655148	673122	686835	710213	725213	744766	764568	784983	806681
620897	638931	655933	673316	686951	710246	725427	745239	765802	785468	807489
621304	639727	656027	673891	688936	710256	725991	745726	766549	785862	807504
621487	640922	656082	674293	689167	710268	726356	745764	766598	786592	807585
621768	641424	657692	674496	689496	710762	726953	745891	766663	786723	807653
622263	641804	658195	674514	690249	710939	728001	746221	767343	787443	807880
622393	642858	658769	675371	690545	711055	728121	746607	767361	789107	809000
622406	643071	659415	676410	690818	711200	729241	747062	767769	789184	809182
622482	643143	659699	676537	691087	711410	730166	747494	768851	790097	809952
622594	644780	660567	677576	691660	711467	730429	747791	769790	790445	810083
623372	645081	660728	677831	691672	712108	730889	749313	770436	790568	810761
624042	645127	661620	677855	691792	712125	731001	749654	770622	791076	810778
625534	645328	662071	677873	692248	712445	731343	749656	770859	791972	810902
625612	645451	662870	678124	692288	714529	731412	749715	771012	792322	811687
626062	645462	663333	678562	693064	715019	731640	751580	771586	792425	812373
626560	646196	663440	678653	693095	715598	731777	752356	771620	794195	812439
626955	646372	664008	678741	693171	715655	731838	753134	771632	794342	812863
626984	646390	664433	679100	694490	715748	732480	753388	771674	794536	812998
627358	646789	664613	679174	694540	715992	732482	754190	772384	794578	813588
627366	646961	664637	679455	695956	716800	733427	754520	772466	794673	814279
627579	647149	664662	679517	696183	716971	733745	754834	773035	795219	815181
628546	647313	665233	680263	696338	717123	734074	755268	773097	795298	815404
630334	647582	665354	680938	697070	717264	734277	755627	773475	795826	815419
631203	648188	665790	680943	697122	717534	734925	755857	774016	796329	815956


816987	839132	859109	882529	896644	916303	932231	944420	960540	978775	995139
817171	839261	859427	882609	896765	916865	932476	944939	961118	978850	995296
817660	839281	860572	883114	897347	917399	933353	945099	961129	979604	995875
817992	839548	860964	883218	898795	917812	933541	945108	962045	979702	995929
818290	840099	862503	883264	898963	918261	934207	945631	962305	979814	996345
818583	840121	862538	883452	899035	918305	934584	946010	962851	980332	996472
818952	841015	863286	883614	899781	918440	934683	947370	963174	981060	997820
819627	841624	864741	883876	900722	918727	934988	947639	963294	981132	998411
819881	841814	865264	884071	900987	919276	935211	947714	963809	981276	998681
820649	842598	865346	884099	901179	919345	935457	947818	965443	981432	998875
821290	842901	865636	884623	902228	919542	935578	947992	968051	981805	999056
821840	844205	865680	884802	902387	919704	936272	948608	968581	981956	999269
822810	844922	865956	885069	902502	920518	936743	949242	968640	982695	999527
823295	845090	868614	885614	902955	921301	937055	950289	968771	982975	999547
823564	845544	868633	886702	903620	921449	937059	950556	969210	983201	xxxxxx
823850	845771	869014	887239	903639	921871	937170	950563	969372	983893	xxxxxx
825362	846395	869660	887869	903739	922555	937331	951276	970091	984480	xxxxxx
825673	847660	869883	888652	903780	922693	937509	951358	970322	985126	xxxxxx
825907	848146	869955	888961	904746	923137	937597	951699	970770	986742	xxxxxx
826101	848411	869962	889875	905029	923769	937759	952088	972457	986755	xxxxxx
826169	848565	870661	890182	905199	924383	938380	952304	972781	987251	xxxxxx
826522	848806	870808	890841	905225	924661	938408	952355	973036	988175	xxxxxx
826731	850194	871212	891406	909146	924719	938435	952639	973211	988648	xxxxxx
826758	850223	871242	891624	909278	925040	938751	952833	973262	988930	xxxxxx
827641	851257	871803	892524	909782	925088	938797	953095	973393	989795	xxxxxx
827741	851335	873192	892553	909871	925617	939632	954879	973757	990283	xxxxxx
828523	851802	873277	892832	910099	925859	939955	955254	974862	990537	xxxxxx
828700	852469	873894	892989	910341	926521	940392	955611	974990	990934	xxxxxx
829340	853559	874385	893048	911240	927053	940826	955799	975306	990938	xxxxxx
829610	853686	874506	893213	911785	927146	940900	956189	975355	991271	xxxxxx
830954	853813	874674	893369	912604	928421	941641	956343	975523	991337	xxxxxx
832007	854087	875210	893533	912825	928593	941800	956546	975751	991624	xxxxxx
832357	854737	875285	893889	912905	929246	942182	957466	976256	991819	xxxxxx
832486	855340	875600	893965	913432	929586	942285	957525	976558	992094	xxxxxx
832684	855988	877625	894039	914887	929728	942361	957815	977357	993490	xxxxxx
833937	857043	878644	894094	915211	929925	942381	957870	977469	993609	xxxxxx
834816	857289	879692	895136	915370	930321	942952	958089	977628	994079	xxxxxx
835803	857632	879907	895168	915433	930984	943256	958775	978097	994269	xxxxxx
836725	858708	880147	895503	915498	931079	943595	958852	978268	994732	xxxxxx
836755	858994	882467	896356	916133	931443	943706	959844	978772	994770	xxxxxx

