              DRAW OF Rs.200/- DENOMINATION PRIZE BOND

		        HELD AT HYDERABAD
Draw No.88TH					

Series:	Common Draw					Date:15/12/2021

----------------------------------------------------------------------------------


First Prize of Rs.750,000 /-



259580
----------------------------------------------------------------------------------


Second Prize of Rs.Rs.250,000/- each.



000380   233133  725485  871732  956938

----------------------------------------------------------------------------------	
										

2394 Prize(s) of 1250/-  Each

001058	028910	056772	078857	098392	123447	149759	173293	197187	220742	246630
001774	029677	057202	079059	098515	123477	150113	173862	197223	220872	247151
001888	030663	057571	079299	099783	123764	150235	174383	197392	221151	247358
001890	030894	057877	079303	101573	123786	151057	175218	197907	221226	247394
002539	031037	058240	080420	101590	124019	151388	175256	198055	221505	247877
002852	031040	058764	080590	101816	124061	152116	175644	198177	221528	248520
002902	031478	058955	080596	102274	124251	152168	176047	198257	221644	248773
002918	031755	059266	081211	102454	126060	152183	178050	198738	223012	249405
003389	032659	059303	081268	102908	126918	152516	178755	198844	223068	249504
003894	034200	059663	081494	103662	127265	152880	178799	199457	223724	249833
004065	034600	059718	081818	104276	127627	153171	179076	199539	224421	249853
004558	034792	059844	082172	104330	128535	153771	179084	200412	224512	250594
004568	035883	060206	082427	104555	128674	154452	179774	200483	224742	251279
004746	036342	060449	082583	104674	128941	155203	180035	200784	224847	251308
005274	036397	061516	082879	106708	129084	155661	180147	201121	227584	251461
007398	036660	061700	083505	106808	129278	155687	180166	201172	227641	252153
008072	037288	062422	084491	107037	129910	156250	180298	201441	228163	253093
008247	037671	062539	084620	107063	130987	157254	180593	201543	229100	253275
008660	037932	062762	084909	107983	131050	158537	181766	203120	229109	254556
008885	037935	063516	085162	107998	131150	159031	182713	203310	229681	255073
010730	039110	063665	085239	108500	131615	159373	183334	204115	229901	255464
011565	039474	064773	085252	108553	132086	159810	183364	204643	230361	255932
011717	039497	066081	085436	108993	133217	160687	183586	204966	230880	256259
013243	039504	066176	085610	109276	133603	161254	183661	205181	230905	256464
013271	040370	067070	086107	109533	133620	161600	184010	205703	231464	257666
013449	040806	067320	086490	109812	135156	162255	184049	205798	231744	257817
014739	042455	067381	086715	110113	135539	162424	184461	206422	231769	258887
014905	043677	067688	087451	110829	135564	162991	184517	206526	231841	259316
015148	044125	068263	087814	110956	135569	164010	185146	207899	232001	259389
015699	044971	070521	087904	111449	135757	164054	186075	207902	232485	259637
015728	045782	070937	088125	111990	136687	164126	186205	208296	233280	260076
015886	046100	071042	088869	112342	136793	164135	186521	208615	233442	261209
016002	046294	071416	089450	113197	137453	164580	186894	208964	233615	261549
016565	047550	071738	089630	113974	138718	164737	186926	209545	234090	261949
016910	047819	072118	089689	114675	139035	165203	187489	210895	236293	262663
017578	047866	072208	090166	114956	139071	166292	188000	211169	236506	263422
018018	048116	072503	090199	115267	140469	166770	188269	211382	236551	264474
020383	048536	073532	090802	115278	141118	167172	188659	211963	237214	264498
020465	048876	073898	091192	115647	141950	167398	189028	213040	237699	265073
020586	049049	074142	091374	115807	142254	168743	189109	213266	238309	265325
020625	049417	074245	091482	115853	142871	168758	190073	213405	238504	265653
021733	049632	074278	091578	115948	143504	168984	190276	213426	238936	265713
022106	049665	075060	092352	116870	143514	169064	190562	213766	239237	266209
023303	049947	075085	093109	116957	144138	169424	190647	214372	239246	266235
023340	049966	075242	093335	117672	145315	169493	190984	214516	239768	266333
023708	050357	075299	093725	117821	145815	169574	191310	215875	240253	266378
024252	051761	075327	094054	118106	146875	170098	191423	216958	240374	267160
025976	052035	075709	094101	118663	146957	170345	192046	217403	241293	268177
026174	052841	075992	094623	119757	147623	170814	192549	217461	241455	269535
026584	053803	076443	094710	119921	147870	170818	192706	217487	241627	269816
026959	054406	077658	095148	120539	148000	171778	193113	217645	243893	270985
027604	054633	078218	095187	122095	148161	171844	193209	218808	244163	271340
027920	054837	078336	096910	122412	148285	172123	193500	218864	245391	271441
028289	055673	078490	097140	122815	148362	172572	194320	219356	246210	271657
028885	056169	078623	097404	123415	148547	173046	196081	220324	246595	271793

272442	289263	320296	334627	355800	380126	399132	423841	447461	473338	489107
272745	289418	320466	335269	356195	380155	399368	425435	448890	473396	489158
273066	290375	320837	335984	356206	380340	400145	425973	448910	473539	489247
273077	290590	320873	336360	356326	380615	400480	426774	449140	474194	490055
273541	292215	321267	337089	356506	380975	400912	427637	450207	474664	490471
274743	292414	321500	337197	356567	381433	401462	427811	450426	474833	490516
274812	292984	321934	338105	356637	381747	401613	428453	450860	474916	490661
274891	293894	322111	338562	357534	381873	401646	428852	451060	475630	491508
275090	294126	322575	339090	357591	382219	401790	429381	451091	475687	491750
275658	294836	322619	339351	358570	382661	402968	429902	451195	475749	491802
276164	295895	323638	339974	358839	384263	404502	430648	451836	475815	491999
276488	296063	324042	340074	358876	384428	404547	430814	451915	475840	492026
276638	298214	324580	340242	358993	385059	404682	430892	451930	475943	492148
277069	299540	324687	340582	359764	385333	405097	431778	452348	475973	492184
277119	300835	324818	340919	360249	385397	405170	431918	452872	476397	492240
277570	301144	324827	341272	360509	387320	405182	432002	452878	476430	492341
277622	301438	325361	342335	360609	387701	405435	432379	453126	476594	492588
277975	302350	325431	343037	361550	388302	405756	432776	453632	477492	492622
278554	303378	325440	343417	362516	388443	406825	432778	453740	477801	492960
278782	304230	325494	343665	362551	388994	406839	433059	457087	478511	493134
278796	305048	325587	343772	362682	389498	406865	433620	458034	478926	493482
279149	305092	326280	343975	362803	389514	409440	433970	458167	479024	493886
279480	305252	326434	344227	362840	389521	409522	435058	459026	480340	493946
279601	305475	326573	344574	363070	389724	409991	435204	459063	480361	494057
279711	305530	326701	344680	363194	390885	411239	436672	459765	480403	494411
279981	305572	326720	344714	363797	391445	411246	437614	460162	481058	494485
280458	305854	326790	345408	363802	392024	411744	437843	460429	481120	494961
280639	306287	326909	345419	363942	392207	411754	437883	460449	481645	495244
280725	306677	327052	345691	364251	392336	411812	438052	461261	481796	495288
281167	308526	327070	346026	364734	392364	411889	438063	461843	481840	495695
281189	308592	327274	346326	364941	392593	411892	438098	462600	482020	496914
281343	308682	327937	346337	365324	392873	413655	438187	462912	482071	497074
281376	308700	327958	346346	367410	393002	413705	438846	462928	482171	497734
281597	308914	328847	347247	367735	393319	414442	438904	462940	482360	497817
283199	309815	329035	347356	368324	393763	414472	441800	463143	482580	498077
283268	309950	329117	347397	368649	393810	414792	442020	463409	482595	498304
283294	310158	329395	349051	368935	394102	415528	442429	464197	482622	498412
283776	310385	329412	349562	370500	394106	415714	442796	464235	482797	498423
283881	310903	329641	349596	371371	394144	415976	442903	464329	482914	498532
284747	311366	329900	349735	371478	394691	417236	442919	464405	482929	498546
284822	311661	329995	349898	371813	394693	417246	442945	465263	484353	499100
285139	312180	330004	350162	372389	395272	418547	442975	466135	484714	499859
285478	312823	330145	350165	372740	395361	418904	443448	466171	484941	500039
286495	312984	330576	351000	372936	395839	419266	443486	466237	485932	500042
287109	313080	331263	351399	373002	396045	420133	443494	467333	485995	500191
287328	313884	331430	351744	373037	396071	420662	443564	468716	486226	501277
287830	316770	331777	352340	374104	396191	421504	443918	469306	486236	501294
287948	317195	331819	352542	374238	396562	421791	443923	469503	486502	501625
288255	317639	331842	353095	374406	397794	422520	445146	469535	487334	502703
288491	317669	333079	353142	375895	397835	422703	445590	470006	487787	502913
288518	317765	333232	353630	376424	398268	423113	445669	470545	488329	503000
288747	318394	333336	353867	376674	398585	423118	445743	470588	488331	503157
288840	318843	333394	353880	377691	398706	423269	446377	471519	488798	504569
288863	319653	334142	354312	378507	398866	423395	446476	471627	489018	504627
288998	319886	334354	354545	378685	399042	423503	446830	472796	489020	504817

506011	531115	547519	569726	590286	612163	637484	658225	683118	704257	728508
506686	531576	548421	570040	590409	612587	637614	660028	683829	704333	728675
507219	531719	549258	570668	591596	612803	637674	660033	684095	704373	729071
507436	532005	549381	570879	591629	613598	637898	660326	684477	704641	729410
507969	532137	549387	571443	591727	614158	637934	660481	684710	704855	729866
508255	532201	549586	571731	592403	614788	638067	660750	684879	705191	729909
508728	532274	549680	572641	592407	615339	638604	660809	684958	705322	730732
508905	532278	549707	572930	592662	616689	639142	661513	685042	705542	730979
509099	532610	549974	573668	592909	617207	639197	661869	685471	705621	732422
509512	532711	550167	573693	593145	617526	639658	663018	685491	706408	732852
509561	533250	550322	574395	593747	618148	639736	663152	685939	706552	732903
510711	533274	550948	574454	593907	618238	639779	663869	686228	707015	733198
510832	534278	551722	574632	594191	618497	639852	663870	686235	707056	733487
511114	534391	551744	574842	595313	618690	640051	664468	687218	707469	733532
512564	534405	552431	575033	595740	618819	640546	664649	687658	707574	735058
512734	534450	552703	575746	595785	620299	641176	664956	687760	708419	735141
513378	534464	552708	575876	596097	621116	642502	665413	688257	708675	735688
513738	534529	552896	576574	597246	621321	642560	665427	688751	709167	735834
514277	535510	553008	577123	598667	621353	642688	665720	688835	711229	736466
514495	535594	554011	577482	599847	621558	642864	666312	689031	711782	736903
515109	535693	554046	577785	600121	621811	642887	668149	689332	711855	737787
515126	535976	555059	577868	600191	621875	642930	668581	689381	712240	738841
515248	536284	555278	578241	600305	622317	643299	668888	690244	712340	739569
515586	536698	555429	578761	600473	623076	643905	669279	690722	713040	739716
515924	536903	555569	579452	600675	623192	644809	670676	691003	713430	740259
516192	536913	556402	579479	600890	623248	644958	670857	691133	713742	741075
516228	537109	556514	580688	600950	623600	646030	671339	691338	714207	741656
516834	537748	556645	581202	601124	623967	647739	672017	691531	714948	742126
517136	537902	556677	581857	601426	624770	647776	672681	692329	714966	742648
518187	537982	557166	582076	601450	624834	647950	674506	692473	715179	743494
519144	538134	557364	582459	601633	625737	648342	674568	692852	715555	743788
519603	539780	557382	583060	601656	626053	648578	674938	692890	716869	743830
520443	539857	557896	583104	601678	626871	648587	675101	693243	717785	744116
521007	539997	557963	583415	602772	627389	648816	676269	693443	718284	744130
521038	540108	558264	583944	602933	627615	649011	676315	693553	718355	744171
521318	540145	558597	584809	603204	627934	649495	676432	693760	720385	744445
522157	540304	559077	584931	603205	628932	649795	676473	693780	721396	744640
523119	540993	559154	584989	603476	629446	650536	676735	694260	721498	745012
523882	541086	559261	585170	604299	629645	650716	677341	694275	722934	745325
524210	541423	559264	585405	604548	629677	650906	677494	695172	723231	745690
524245	542117	559344	585481	605113	630565	651004	677882	695275	723289	745724
524410	542458	561426	585681	605158	630971	652273	678391	695483	723530	746132
524750	542611	561768	585691	605623	631024	652635	678477	695583	724486	746955
525948	542902	562138	585757	606328	631619	653018	679089	695787	724651	747516
526287	543068	563243	586226	607495	634094	653068	679254	696673	725500	747801
526604	543490	564491	586257	607544	634424	653745	680039	697218	725646	747831
527101	543948	564706	586590	607724	634813	654371	680202	697700	726549	747871
528450	544669	565109	586600	608285	635257	654959	680406	700512	726830	747971
528969	544821	565117	586946	608544	635437	656084	680519	700656	726949	748757
529510	544921	567345	587474	609965	636206	656267	680905	700902	726994	749935
529561	544927	567627	587858	610296	636451	656670	681167	701892	727632	750722
530294	545191	568275	588396	611117	636566	657052	681288	701945	727920	751924
530722	545217	568479	588539	611639	636620	657327	681349	702151	728299	752027
530865	545510	568501	589839	611834	636779	657576	682020	703455	728412	753055
531021	546124	569667	590105	611958	637147	658160	682808	703779	728464	753796


755674	778195	801607	823817	841418	867627	889142	920029	943201	965508	987839
756365	778959	801709	824864	841887	868203	889712	920371	943908	965697	987861
758645	779137	801864	825121	842532	868227	890213	921031	944000	966321	988045
758745	779475	802100	825151	843780	868276	891032	921277	944132	967182	989023
758919	779655	803978	825282	844592	868403	891825	921349	944371	967420	989721
759051	780751	804052	826672	844733	868834	892673	922228	944576	967456	989922
759695	780801	804773	826905	845315	869622	893217	922301	945382	967624	990458
761093	780803	804955	826907	845394	870377	893479	922460	946028	968121	990777
761451	781403	805424	827028	845491	870749	894677	923468	946151	969738	991023
761965	781988	805809	827072	846121	871063	894754	923774	946295	970322	991434
761973	782877	805912	827583	846531	872325	895501	924447	946810	970566	991554
762727	783223	806160	827676	847318	872816	895721	926085	946949	970827	992462
762931	783879	806187	829787	847632	873537	895951	926216	947974	971689	992926
762994	784385	806492	830521	847967	873640	896258	926461	948342	972413	993124
763352	784430	806940	831396	850083	873948	896667	926973	949208	973302	993828
763400	784794	807642	831622	850730	874056	897138	927018	949694	973337	994004
763764	785068	807871	831991	850742	874117	897691	927569	950236	973882	994014
764549	785416	807915	832006	851225	874750	898568	927624	950761	974271	995253
764705	785480	808525	832359	851437	875556	901108	928518	951259	974455	995372
764730	785926	808597	832414	851717	875688	901283	928661	951843	974735	995530
765262	786521	808607	833119	851737	875966	901436	929009	952264	974867	995631
765689	787009	809913	833191	851795	876682	901968	929172	952416	975149	995976
765996	787737	810346	833304	851872	876925	902253	930453	952436	975287	996972
766147	788022	810479	833308	852338	877025	903254	930951	953119	975398	997384
766426	789105	810519	833579	853502	877939	903634	932191	953137	975454	997442
766431	789293	811151	833732	854765	878527	903713	932461	954390	975769	997628
767412	789565	811172	833950	855391	879170	904070	932755	955195	976347	997910
767430	789576	812093	834497	856018	879278	905731	933418	956676	976404	997963
768106	789830	812099	834700	856516	879294	905824	933679	956846	976472	999145
768964	789930	812552	834970	857152	880637	906347	933698	957312	976502	xxxxxx
769129	790615	812743	835329	857314	881253	906496	933841	957575	976719	xxxxxx
769611	790965	813299	835420	857663	881869	906859	934572	958134	976816	xxxxxx
769841	791615	813491	835466	857675	882426	907494	934952	958744	977617	xxxxxx
770040	791955	813504	835496	857857	882844	907875	935440	959291	977811	xxxxxx
770280	792209	813840	836356	858580	882990	909540	935657	959855	978532	xxxxxx
770678	792981	815252	836478	858669	883053	909586	936038	959953	980179	xxxxxx
770838	794501	815444	836517	859319	883567	910051	936247	959969	980192	xxxxxx
771483	795223	815565	836595	859361	884085	910438	936333	960618	980400	xxxxxx
771485	795430	815935	836668	859857	884606	910557	936478	960999	980520	xxxxxx
772354	796510	816199	836683	861174	885040	910630	936651	961326	980943	xxxxxx
772355	796755	816277	837339	861715	885348	910776	936679	961410	981373	xxxxxx
773031	797001	816464	837508	862108	885539	911000	936730	961924	981920	xxxxxx
773069	797039	817224	837836	862489	885669	911174	936827	961997	982477	xxxxxx
773966	797415	817531	838422	862507	885784	911602	937382	962039	984042	xxxxxx
774116	797681	818483	838601	862974	885818	912544	937889	962283	984155	xxxxxx
774193	797755	818844	838840	863884	885820	913193	938548	962546	984364	xxxxxx
774740	798145	819602	838969	864039	886017	914643	938647	962564	984849	xxxxxx
775071	798475	819650	839263	864380	887659	915268	939893	963051	984871	xxxxxx
775228	798881	820410	839418	864752	888021	915845	940369	963560	985483	xxxxxx
775506	799470	820655	839893	865232	888087	916598	940512	963983	985741	xxxxxx
775924	799613	820825	840163	866202	888206	916896	940690	964110	985798	xxxxxx
776331	800436	822040	841058	866499	888341	917094	941825	964532	986313	xxxxxx
776445	800921	822570	841240	867233	888619	917209	941964	964917	986609	xxxxxx
776940	800970	822728	841257	867306	888932	918266	942324	965075	986977	xxxxxx
777956	801177	823405	841384	867307	889008	918547	942959	965153	987128	xxxxxx
