                       DRAW OF Rs.200/- PRIZE BOND

		        HELD AT FAISALABAD
Draw No.92nd				

Series:	Common Draw					Date:15/12/2022

----------------------------------------------------------------------------------



First Prize of Rs.750,000 /-



131553

----------------------------------------------------------------------------------



Second Prize of Rs.Rs.250,000/- each.



163249   195445   347449   358469   958413

----------------------------------------------------------------------------------	

										

2394 Prize(s) of 1250/-  Each

000074	018288	036588	060969	080890	100766	124948	147700	168631	190916	216370	243062
001192	018938	037371	061838	081167	100773	125761	147703	168819	191161	216599	243618
001605	019049	038075	062705	081897	100797	126364	148513	170470	191677	216942	243767
002430	019339	038079	062891	082037	101015	126709	148873	170593	192150	217346	243791
002821	019605	038160	063741	082349	101789	126730	149573	171078	193353	217802	244022
003285	019667	038664	063893	082497	103232	126826	149873	171498	193576	218122	244187
003341	020189	038934	064108	082763	104000	127727	150166	171688	193639	218240	245516
003602	020612	039054	064388	083026	104168	127810	150203	172444	194921	218476	245527
003947	020626	039243	064720	083105	105533	128437	150324	173089	195107	218788	245705
004083	020942	039276	065192	083301	105763	128467	150373	173480	195671	218815	245747
004363	021486	040259	066571	083446	106225	128895	150986	173482	196588	219093	245987
004688	021488	040463	067954	083489	106254	129637	152279	173801	197038	219371	246762
005996	022718	041014	068073	083526	106295	131170	152620	174113	197143	219652	246927
006455	023633	041164	068123	083645	107799	131340	152638	174263	197947	219657	247471
007052	023897	041389	068266	084127	108230	131560	153326	174377	198283	221188	248586
007377	024437	041592	068348	084246	108809	131568	153519	174744	198369	222355	249334
007711	025369	041841	068658	084609	109821	131738	153522	175235	198596	223787	250094
008005	026628	042526	069072	084718	109892	131746	153918	175708	198836	223789	250096
008142	026847	042673	069200	085622	110468	133029	154091	176990	199020	226759	251024
008992	029186	042870	069594	086370	111902	133310	154355	177351	199266	227059	251041
009933	029187	043647	069781	087581	112104	133410	154542	177701	200416	227790	251828
010481	029303	043681	069842	087838	112866	133635	154581	178471	200456	228728	251903
010491	029319	044037	069857	088659	113015	133690	154672	178526	200468	228888	251957
010560	029634	044086	069858	088735	113080	134129	155511	178796	200826	229441	252034
010691	030143	044571	070290	089476	113843	134209	155521	180401	201399	229532	252254
010865	030164	046262	070321	090150	114257	134368	156240	180815	201681	229718	252371
011012	030282	046359	070352	091010	114444	135092	156465	180911	201700	230387	252718
011523	030558	047202	070496	091763	114517	135177	157023	181241	202690	231371	252720
011531	031264	048013	070753	092070	115384	135188	157109	181261	202780	231526	252749
011548	031318	048303	071539	093567	115538	135523	158153	182034	203729	231585	252780
012003	031548	048322	073125	093659	116136	135564	158571	182510	204074	231615	253281
012441	031776	050150	073127	093747	116221	135740	158595	182690	204111	232269	253432
012464	031970	050436	073179	093836	116296	135828	159283	182940	204731	232545	254095
012646	032755	050990	074240	094447	116566	135968	159906	183437	205811	232725	254104
012799	032886	051249	074312	094603	116697	136164	160068	184053	206782	233460	254272
013513	032901	051326	074454	094802	117285	136801	160388	184487	207117	233689	255291
013607	032920	052373	074677	095168	117688	136847	160910	184849	207365	234127	256352
013917	033072	052591	075017	095471	118203	138371	161121	185458	207991	235418	256409
014004	033534	052645	075371	095483	118965	140059	163064	185581	208154	236397	257262
014091	033603	053276	075608	095698	119471	141742	163810	186059	208889	237620	257629
014635	033628	053817	076114	095901	119740	142112	165033	186438	209216	238823	257691
014977	034645	054375	076499	096106	119928	142142	165535	186531	209796	238930	257745
014995	034697	054517	076996	096488	120049	142916	165628	186880	210944	239163	257846
016109	035035	055089	077639	096626	120482	142958	166101	187048	211611	239525	258038
016289	035037	055320	078283	097330	120601	143859	166254	187542	212633	239811	258557
016752	035686	057537	078847	097580	120616	144289	166755	187735	212784	240127	259037
016875	035766	058106	079165	097802	120905	144299	166834	187852	213571	240487	259691
017078	035899	058251	079250	097837	121432	144578	166837	187960	215128	240732	259789
017325	035912	059106	079501	098408	121454	145223	167249	189878	215257	240907	259832
018078	036243	060011	080104	098713	122174	146357	167349	189889	215358	241177	260355
018253	036372	060049	080128	098773	124578	147010	167661	190378	215824	241949	261109
018261	036433	060306	080419	100257	124702	147515	167860	190516	216081	242188	261691
											
											
262588	286201	310222	331857	352862	369706	390204	414084	428372	447736	470888	493650
262719	286827	310933	332815	352977	369711	391132	414257	428871	448239	471165	494040
264046	286933	311447	332925	353009	369843	391535	414380	429174	448259	471375	494610
264555	287260	311472	333087	353044	369883	391572	414421	429505	448265	472149	495460
264625	287280	312289	333947	354232	369911	392371	414471	429604	448621	472230	496086
265191	287422	312530	333978	354626	370282	392581	414550	429853	448653	472420	496294
265310	287459	312889	334469	354892	370483	392705	414713	429858	448973	472537	496455
265389	287486	313081	334978	354934	370836	392897	415052	429864	449273	473046	496523
265564	288691	313105	334989	355622	371929	392937	415420	431551	449601	473051	497140
266844	289052	313114	335594	355881	372043	393149	416370	431564	449769	473073	497201
267237	289889	314390	336052	355890	372157	393152	416588	431791	450019	473158	497475
267797	290169	314415	336357	356589	373311	393404	416708	432988	450105	473294	497664
268357	290643	316204	336720	357187	373414	393480	416910	433288	451293	473367	497675
268857	290760	316573	336887	357369	373522	393684	417277	434103	451330	473404	498184
269152	290986	317775	338076	357403	373678	394344	417680	434570	451477	473558	498368
269311	291242	318184	338216	357458	374411	394654	417792	434844	451657	473690	498718
269631	291579	318807	338344	357568	374604	394665	418036	434846	452629	473997	498988
269645	292720	318828	338595	358149	374661	395418	418180	435082	453363	474127	499168
269992	294754	318877	339671	358490	375160	395581	418386	435160	454661	475218	499368
270123	294889	319085	339693	358661	375574	395953	418667	435370	455285	475778	499411
270375	294978	319245	340170	359387	375613	397492	418963	435896	455551	476092	499516
270802	295715	319722	340229	359557	376990	397895	419127	436645	455721	476335	499758
270874	296619	319780	340729	360044	377779	398444	419289	436805	456292	476635	499941
271546	296633	319797	340751	360139	378016	398884	419817	436842	458001	476722	500957
271677	296710	320386	341184	360192	378396	399498	420224	436850	458168	478736	501062
272022	296718	320875	341492	360257	378992	399561	420241	437010	458925	478747	501997
272603	297271	321058	341768	360741	379709	400210	420376	438294	460394	478988	502884
272647	297293	321356	341902	361049	379727	401167	420410	438445	460461	479440	503609
272864	297842	322465	342089	361183	380644	402667	420449	438748	460693	479651	504370
273512	297921	322687	342173	361511	381326	402941	421131	439664	461107	480600	504580
273520	298678	322778	342541	362025	381508	403052	421561	440011	461487	480715	504904
274030	298756	323376	344283	362169	382019	403432	421564	440036	461873	481132	504917
274647	300461	323622	344512	362567	382279	404150	421704	440246	462126	481261	505530
275634	300676	323688	345360	362721	382695	405044	421891	440636	462265	481355	505857
276380	301461	323877	345917	362940	383132	405791	421968	440797	462343	481680	507018
277049	302529	324038	346382	363181	383750	406568	422987	441942	462905	481834	507076
278641	302886	324947	346789	363674	383993	406907	423692	442387	464017	482318	508831
279002	303110	325162	346794	363781	384232	407288	423826	442577	465068	482449	509236
279349	304162	326598	348493	364061	384435	407471	424014	442714	465237	483507	509522
279604	304562	326737	348546	364340	384567	407574	424254	442842	466349	483669	510280
279753	304801	326844	348640	364791	385384	407710	424663	442921	466396	484674	510300
281638	304814	326990	348973	364956	385547	408682	424990	443088	466611	485979	510673
283279	305357	327515	349128	365112	386240	408971	425201	444379	467681	486454	510694
283411	305537	328330	350450	365246	386245	410463	425262	445362	467694	488589	510860
283636	307287	328334	350915	365434	386265	410826	425488	445609	468238	489784	511621
283807	307469	328532	351563	366246	386354	411572	425894	445754	468396	491219	512517
284366	308631	329521	351576	366588	386609	412312	426033	446021	468999	491793	513292
284953	308740	330235	352219	368092	386653	412720	426231	446052	469181	492207	514209
285050	309143	331284	352289	368934	386877	412775	426533	446840	469573	492390	514272
285319	309213	331400	352701	369212	387344	412943	426821	446922	470008	492599	514496
285423	309313	331416	352784	369552	388057	413106	426881	447052	470626	492609	515684
285889	310152	331444	352802	369657	389221	413481	427703	447679	470729	493442	515761
											
											
516078	531206	554237	582335	599151	624337	647540	666268	686551	712952	737763	755070
516282	532135	554337	582753	599517	625667	647611	666615	686770	713381	738115	755680
517357	532352	554882	584041	600034	626275	648114	666820	687120	715353	738191	756166
517536	532486	556440	584284	600853	626731	648453	667640	687762	715769	738359	757055
519080	532583	557835	584658	601143	626888	649337	667928	688552	716541	738708	757441
519118	532885	558305	584938	601576	627417	649684	668127	688639	718077	738710	757445
519178	533448	558357	585234	601774	627941	649726	668206	688673	718211	738773	758598
519535	533715	558606	585613	601845	627945	650658	668343	689378	719052	739004	759691
519615	534328	558879	585811	601967	629022	650800	669474	689948	719596	739204	759785
519777	535061	559200	587303	602002	629150	651192	669945	691249	719783	739518	759931
520436	535289	559769	587315	602317	629247	651429	670174	691387	720100	740405	760518
520448	535358	560060	587483	602574	629254	651530	672548	695232	720398	741011	760866
520463	535461	560286	587508	602618	629717	651693	672794	695659	721532	741211	761124
521102	537057	560800	587813	602683	629887	651925	673094	695722	722161	741338	761313
521134	537072	561654	587871	603023	630186	652213	673881	695725	722281	741439	761422
521400	537777	561672	587914	603143	630547	652231	674273	695901	722333	742105	761588
521517	538122	562414	587962	604165	630764	653184	674726	696465	723055	742781	762119
521605	538315	562973	588257	604184	631113	653226	675097	696738	723835	743432	762153
521752	539044	563360	588511	604376	631246	653483	676657	697895	723856	743762	762169
521827	539074	563753	589611	606055	631786	653644	677143	698089	724040	743802	762523
522277	539287	563776	589681	606235	632036	653857	677240	698182	724766	743827	762732
522889	539963	563893	590285	606791	632746	653918	677535	698430	725201	744352	762775
523422	540180	564677	590661	606889	633237	653928	677643	698467	725680	744592	763431
523495	540498	564912	590789	607981	633921	653948	677655	699055	726019	744852	763447
523544	541400	565456	590895	609746	633982	654104	678414	699209	726299	745042	764043
524024	541482	565690	590969	610115	634016	654323	678444	699690	726734	745132	764827
524053	541590	566530	590989	610266	634179	654864	679098	699780	727235	745169	765086
524068	541652	566573	591024	610965	634362	655351	679997	700989	727466	745262	765469
524602	542182	566760	591089	611663	634840	655467	680630	701209	727860	745505	765489
525288	542378	567349	591389	611812	635420	655491	680712	701429	727938	746090	765851
525575	542492	567558	591736	611829	636022	655540	681245	701955	728358	746302	766122
525603	543509	567861	592710	612000	636905	655584	681337	702328	729333	746594	766132
525682	543738	567866	592781	612193	637376	656041	681680	702588	729398	746798	766565
526859	544076	568578	593498	613096	637790	657364	682207	702627	729903	747178	766632
527012	544688	568600	593538	613521	638081	657552	682674	703758	729992	747933	766643
527183	546052	569117	593736	614128	638088	658509	682816	704807	730022	748437	767525
528450	546191	570052	593767	614203	638267	658695	683837	705052	730051	749413	768014
528575	546243	570262	593953	615118	639156	659168	684070	705429	730067	749421	769271
528660	546429	570420	594719	615320	641158	659542	684151	706174	730144	749480	769344
528686	546601	570667	594891	615393	641588	659876	684249	706205	730516	750554	769599
528942	547579	571257	595708	616082	642001	660427	684624	706343	730732	750827	769779
529265	547997	572081	596400	616403	642025	660962	684675	708913	731037	751024	770069
529482	548219	572880	596504	616677	642624	661579	684781	709224	731113	751144	770351
530042	548473	575514	596576	618603	643159	662512	685109	709461	733816	751438	770859
530280	548908	576902	596586	619925	643387	662626	685113	710059	733929	751951	771797
530367	549473	577349	596952	620692	643596	662712	685531	710193	734213	752001	771925
530493	549613	578247	597505	622139	644718	663094	685672	710488	734257	752259	772006
530546	549840	578440	597941	622643	644780	663545	686000	711040	735599	752444	772242
530548	550965	579221	598357	622744	646677	663921	686060	711466	735931	752844	772319
530607	551749	580066	598411	622880	646743	664193	686123	711663	735977	753223	772351
530777	552786	581082	598854	623619	647123	664339	686240	712108	736621	753726	772473
531137	553005	582163	599143	623758	647442	664444	686412	712846	736631	754557	772651
											
											
773121	796850	816422	836185	856245	883649	904164	916349	931005	943445	960251	980540
773131	797060	817535	836197	856290	884045	904201	916485	931852	944488	960460	981047
774044	797436	817734	837812	856701	884231	904240	916685	931949	945053	961185	981184
774155	798228	817800	838855	856890	884248	904504	916718	932743	945533	961892	981358
775204	798400	817948	840940	857036	884403	904578	916813	932927	945819	962002	981545
775299	798733	818194	841242	857985	884664	904637	917319	934122	946308	962057	981727
775429	798809	818357	841494	858461	885041	905546	917443	934335	946322	962115	982193
775868	799103	819195	841894	858804	886005	906497	918513	934615	947347	963067	982495
777445	800176	819265	842021	858945	887181	907935	918958	934666	947874	965634	982565
777787	800814	819411	842325	859057	887382	908129	918967	935051	950511	966263	982923
778542	800907	819915	842668	859592	887472	908164	919012	935093	950525	966788	983129
778781	802038	819950	842982	860405	887541	908406	919059	935169	950590	966896	983689
779083	803436	820486	843706	860451	887681	908537	919204	935798	950721	966970	984497
779816	803684	820856	843993	861704	887683	908565	919214	936278	951098	967730	985686
780709	804599	821267	844126	862949	887775	908766	919927	936641	951204	968399	985749
780741	804656	821452	844729	863373	887847	908788	920275	936750	951986	969123	986670
781962	804918	823096	845343	863502	888150	909081	920685	936791	952371	969281	986914
782826	805042	823139	845381	864034	889193	909316	920945	936891	952599	969505	986940
782870	806579	824130	846857	864147	889331	909668	921197	936942	952672	969521	987032
782969	806981	826269	847389	864807	889885	910042	922199	936961	952741	969642	987176
783212	807359	827022	848009	865701	891030	910195	922870	937091	953272	969802	987629
783335	807504	827192	848026	865747	891109	910562	923318	937132	953620	970717	987749
783428	808001	827914	848230	866327	892385	910915	923532	937432	953971	971087	989175
784318	808633	828205	848706	866432	892658	911037	923543	937547	954728	971337	989605
784499	808945	828566	848867	867164	892719	911051	924384	938022	955178	971498	989668
784802	809492	828912	849116	868238	893650	911123	924527	938488	955228	971909	990623
785175	810755	829037	850076	868565	893712	911322	925126	938609	955683	972747	990740
785218	811281	829271	850186	868799	894797	911719	925456	938946	956011	973314	990980
788551	812109	829521	850739	870006	894814	911925	925472	939252	956417	973952	992303
786590	812883	829610	851527	870046	895581	912014	925667	940054	956724	974232	992378
787648	813638	829618	851832	871414	896180	912033	926495	940206	956925	974785	993255
787691	813683	830272	852180	871477	896684	912235	927184	940359	957194	975444	993575
787715	814514	831519	852205	871802	896694	913076	927236	940515	957392	975821	995218
788786	814572	831894	852396	872372	897127	913209	927356	940771	957483	976174	995454
789316	814730	831899	852705	873509	897365	913386	927877	940871	957595	976568	997387
791105	814953	832520	852708	875109	897689	913895	928025	940937	957690	976870	997574
792794	815199	832838	853263	875484	898178	913978	928100	941425	957794	977139	998205
793503	815307	833268	853495	875665	898322	914259	928201	941611	957841	977338	998663
794802	815357	833403	853844	876786	898423	914620	928948	941859	958620	978511	xxxxxx
794873	815672	833525	854463	877557	898752	914937	929817	942148	959103	978719	xxxxxx
795057	815787	833954	854482	879036	899318	915023	929854	942755	959528	978761	xxxxxx
796358	815837	834701	855839	879659	902672	915948	930183	942961	959775	979348	xxxxxx
796400	815883	835295	856091	880745	902713	916115	930323	943107	959879	979550	xxxxxx
796737	815929	835449	856177	883570	904103	916345	930602	943163	960194	980044	xxxxxx
