                       DRAW OF Rs.200/- PRIZE BOND

		        HELD AT RAWALPINDI
Draw No.84TH					

Series:	Common Draw					Date:15/12/2020

----------------------------------------------------------------------------------



First Prize of Rs.750,000 /-



699479

----------------------------------------------------------------------------------



Second Prize of Rs.Rs.250,000/- each.



072451   282656   720562  991452  996251

----------------------------------------------------------------------------------	

										

2394 Prize(s) of 1250/-  Each

000480	022181	039824	059154	085548	108388	126414	145657	167288	187395	213318	234321
000748	023171	040125	059865	086305	108416	126483	146567	168355	188398	213603	235192
001271	024080	040790	061683	087142	108845	127248	146731	168373	189006	213688	236146
001484	024130	041418	061731	087152	109003	127261	146986	169351	190305	215118	236890
001733	024260	041595	062228	087401	109796	127264	147217	169675	190347	215518	237074
002571	024538	042169	063033	087958	110042	127292	147361	169740	190643	216401	237653
003450	024579	042488	063364	088513	110298	127857	147627	169790	191133	216657	238670
003453	025229	042860	064056	089654	110666	128452	148206	170479	191901	216954	238800
003510	025268	042961	064232	089829	110943	128739	149639	170639	191946	217755	239172
003934	025527	043031	064996	090223	111001	130977	149904	170689	192460	217764	239465
003967	025572	043326	065171	090543	111042	131075	149930	172034	192709	217851	239907
004068	025947	044588	065431	090767	111278	131202	150198	172134	192771	218181	239982
004539	027290	045099	067457	090795	111378	132192	150826	173145	194276	218650	240484
004816	027319	045454	067534	091439	111793	132976	151136	173404	194376	218842	241084
004870	028668	045580	067619	091601	112659	133000	151184	173544	194767	218911	241273
005267	029111	046073	067742	092256	113257	133057	151592	173770	194871	219265	241390
006005	029553	047177	068446	092918	113266	133362	152013	173986	195394	220956	241408
007038	029563	048026	068953	093027	114273	133839	152610	174069	196247	221416	241663
008123	029697	048249	069058	093211	114300	134192	152744	174074	196251	221580	242330
008218	029893	048579	069980	093424	114366	134277	153505	174446	196757	221883	242385
008653	029920	049565	071153	093833	114776	134970	153637	174513	196855	221893	242388
010682	030299	049614	071358	093841	114896	135122	155202	174533	196893	221898	242483
011406	030487	049622	071693	094161	115408	135266	155377	174693	197284	221920	243043
011420	030654	050051	071823	094224	115625	135891	155576	175321	197305	222355	243173
011723	031755	050686	072379	094320	115700	136688	155924	175759	197457	222430	243252
011836	031851	051684	073451	094495	116350	136761	156066	175960	197573	222592	243596
012624	032189	051852	074254	094572	116886	137122	156187	177342	198098	222884	243898
012747	032869	052076	074852	094610	116907	137302	158422	177453	198378	222930	244515
013181	033027	052085	075524	096170	116928	137430	158495	177513	198388	224969	245468
013293	033472	052641	075664	096318	117457	138608	159202	177556	199368	225026	246141
013583	033928	052883	075743	097984	118168	138663	159205	177754	199545	225259	246390
013938	033935	053011	076432	097993	118224	138917	159441	177764	200508	225449	246398
014014	034054	053235	076983	098293	119431	138918	159937	179030	201343	226021	246877
014353	034138	053409	077413	098752	119727	139072	160310	179352	202739	226425	246885
014867	034727	053710	078060	099251	120385	139096	160424	179711	202790	226869	246909
014998	034780	054179	078233	100516	120386	139282	161425	180345	203495	227292	247202
015486	035760	054374	078510	101973	120433	139592	161426	180373	203665	227296	247227
015641	035921	055265	078768	102157	120731	140324	161816	181174	203960	227780	247522
016067	035981	055925	078857	102326	120819	140936	162005	181418	205020	228183	247750
016352	036396	056023	079698	102415	121565	141206	162625	182533	206134	229644	248129
016565	036860	056035	079901	102595	122144	141680	162873	183375	206207	230434	248728
016767	036873	056042	080347	103414	122148	142086	163405	183575	207633	230590	248997
016770	037226	056434	081315	103636	123133	142222	163660	183973	208701	230593	249256
016898	037583	056667	081789	103928	123217	142255	164148	183984	209165	231143	249312
017595	037594	056720	082095	104301	124492	142697	164166	184145	209991	232329	249535
017705	037654	056921	082210	104562	124667	143155	164286	185049	210063	232354	249730
018111	037671	057252	082326	104661	124854	143253	164387	186020	210600	232401	250021
018867	037736	058102	082857	104976	124951	143469	164918	186060	211098	232441	250137
020080	037746	058139	083052	107216	125463	143754	165637	186270	211829	233704	250827
020319	038148	058254	084160	107376	125473	144677	166221	186303	211835	233708	251167
020620	038653	058616	084516	108185	125616	145161	166271	186397	212217	233934	251178
020659	039321	059069	085162	108259	125646	145347	167060	187005	212965	234142	251577



251746	275317	292805	312299	335688	360221	382987	404861	428492	453732	472864	495537
252650	275453	294386	312775	336283	360990	383740	405940	429258	453948	473047	495591
253201	275698	294571	312818	336671	361175	384977	407150	430870	454078	473237	495713
253205	275842	294795	314201	336693	362081	385787	408068	431058	455180	473406	495875
253492	276149	295353	314998	336954	362093	385805	408628	431105	456232	473620	496063
254464	276413	295722	315074	337295	362630	386348	408640	431300	456257	474095	496142
254478	276484	296177	315174	337722	363883	386426	408710	431397	456758	474508	496810
255629	276550	297030	315361	337990	364082	387290	409183	431405	456802	475028	496903
256192	276564	297065	316025	338712	364491	387718	409297	431561	456864	475537	496971
257324	276594	297330	316260	338846	364688	388134	409749	431920	456868	476178	497188
257506	277138	297672	316782	339166	364748	388730	409973	432191	457216	476196	497255
257751	277251	298368	316859	339488	364912	389013	410337	432301	457588	476503	498670
258332	277627	298781	318180	340390	365639	389690	410364	432514	459536	476509	499036
258408	278127	299207	319058	340752	365654	392506	410497	432685	459744	477639	499238
258705	278211	299361	319114	340800	365948	393317	410623	433059	460152	479291	499311
258909	278605	300078	319476	341754	366323	393459	411683	434895	460212	480552	499593
259292	278634	300552	320391	342216	366328	393477	412466	434938	460793	480774	499809
259564	279023	300824	320931	343533	366384	393734	413094	435208	461110	480977	499961
259856	279219	300886	321012	343745	367142	394080	413225	435905	461126	480991	500051
259963	279788	301286	321803	344792	367251	394540	413295	435941	461334	481528	500350
260261	279905	301376	321907	344855	367636	394600	413937	436258	461418	481920	500972
260747	280034	301394	321909	345487	368415	394990	414085	436737	461511	481958	501021
261137	280374	301829	322364	345607	369343	395232	414434	437404	461795	483309	501507
261308	280402	301835	322517	345697	369544	395561	414710	437593	461914	483579	501939
261714	280448	302900	322580	345817	370834	396089	415710	438247	462270	483829	502592
261744	280721	303157	324155	346576	371764	396108	416245	439503	462347	484478	503009
262802	281004	303314	324661	346752	371800	396320	416347	439981	462581	485040	503012
263089	281458	303543	324728	347122	371801	396572	417473	440571	462877	485347	503561
263712	281558	303553	325851	347301	372160	397039	418171	440683	463332	485395	504775
263855	281605	303643	326104	347534	372611	397097	418558	441590	464933	485578	505151
264252	282475	303651	326341	347926	372992	397248	418592	441805	465236	485613	505796
264397	282489	303892	326717	348339	373700	398423	418693	442376	465399	485665	506072
265431	282722	304005	327011	349607	373825	398724	419335	443899	465462	486017	506634
265943	282825	304626	327078	349847	374453	398920	419653	444765	465624	486172	506837
267245	284274	305182	329259	350252	374478	399542	420148	444935	465963	486884	507359
267342	284590	305305	329300	351866	374553	399864	420229	444939	466398	487052	507374
268395	286308	306250	329571	351940	375531	400247	420314	445739	466725	487640	507566
269772	288157	306335	329790	352578	375580	400291	420675	445828	467285	487697	507686
270308	288176	306548	330992	352838	376592	400479	421303	446220	467730	487898	507863
270520	288233	306826	331420	352969	376772	400635	421317	446245	467828	488896	509149
270914	289790	307352	331703	353629	377085	400930	421455	446442	468354	489121	509773
272074	289934	307576	332415	353826	377780	400939	421781	447103	468788	490588	509904
272395	289990	307812	332447	354813	377798	401008	421841	449419	469729	491323	510864
272411	291714	308201	332619	355023	377820	402006	421904	449787	469844	491956	510904
272893	291802	308478	332991	355598	377826	402226	422786	450036	470431	492284	510994
273108	292016	308784	333129	356006	377859	402547	423939	450394	471109	492506	511427
273173	292043	308804	333665	357324	378640	402878	423948	450847	471180	492824	511564
273329	292044	310033	334072	357370	378657	403346	424491	451497	471241	493245	512225
274298	292207	310437	334436	358425	378956	403591	425716	451648	471680	493406	512515
275127	292217	311707	334979	358837	379272	403622	426912	451736	471832	493824	513004
275193	292304	311771	335139	358980	380910	403915	426981	451839	472457	494130	513317
275277	292631	312162	335493	360003	382932	404422	428248	452137	472837	494623	513553



513763	529923	550230	565016	589450	614946	635685	656216	685756	705849	731583	755285
513887	530057	550501	565185	590283	615164	635868	660207	685834	706812	731923	756554
514149	530167	550683	565297	591492	616063	636042	660463	685926	707468	732145	756621
514254	530403	550853	565975	591647	616079	636162	661133	686366	708183	733151	758853
514313	530549	550977	566937	593508	616230	636204	661973	686721	708803	733827	759075
514335	531087	551090	568146	593647	616289	636305	662361	688808	708918	734241	759375
514972	531596	551274	568778	594366	616447	636381	663239	689032	709029	734348	759543
515427	531812	551792	568830	595154	616577	637184	663635	689318	709115	734426	760251
515526	531833	551879	569183	595866	616668	637242	663960	690177	709719	734786	760355
516714	531874	551967	570341	596338	617304	637730	664028	690187	710222	735223	760694
517381	532518	552392	571245	596622	617459	637804	665306	691057	710705	735743	760956
518425	532658	552506	571406	596781	618514	637902	666046	691133	711203	735821	762177
518510	533370	552754	571531	596892	619130	637967	666251	691442	711408	735852	762798
519176	533442	553548	571785	596979	619428	638264	667144	692000	711457	736227	763731
520229	533975	553809	572339	597204	619453	638663	667389	692325	711863	737171	764327
520419	534047	554091	572699	597285	619463	639142	668322	693028	711968	737173	764422
520518	534183	554541	572962	597499	620362	639619	668382	693069	712095	737239	765510
520692	534461	554927	573077	598298	621677	640069	668626	693428	712187	738571	765852
521092	534589	555308	573980	598828	622335	641461	669893	693542	713108	738672	766160
521877	534677	555554	574138	598857	623480	642402	670317	693686	713242	738715	766653
522152	534750	556002	574453	599131	623592	642592	670950	693703	713620	738826	766726
522738	535343	556135	574664	599265	623600	643866	671771	694066	714359	739395	766758
523070	535521	556776	574711	600005	624971	644544	671790	694284	714498	739580	766792
523746	535668	556827	575172	600283	625105	645043	672298	696612	715307	739776	767012
524064	535703	556910	575267	600755	625440	645075	672474	696827	715604	739823	767619
524222	535952	557057	575591	601229	625830	645368	673462	697038	715917	740393	768347
524880	535960	557249	575905	601256	626209	645584	674418	697247	716328	741411	769005
525412	536011	557545	575906	602575	626339	646749	674656	697753	716978	741930	769183
525416	536085	557725	576302	603318	626514	647138	674796	698061	717598	742480	769224
525426	538039	558360	577138	603393	627434	647268	674993	699228	718177	743499	769769
525765	538061	558385	577291	604204	627605	647734	675484	699316	720128	745124	770901
525793	539404	558682	577432	604518	628507	647880	675995	699516	720141	745145	771043
525826	539483	558780	578803	604675	628798	648127	676902	699612	721048	745492	773477
526004	539665	558876	579742	607245	628856	648331	677307	699763	721607	745560	773494
526546	539893	559239	581072	607521	628992	648730	677893	700198	721629	745867	774209
526613	540610	560534	581137	607539	629385	649197	678189	700365	721755	746375	775634
526655	540709	560591	581155	608424	629563	649653	679112	700434	721984	746504	776845
527304	541435	560940	581647	608497	630194	649885	679446	700452	722563	748073	776866
527404	542058	560987	581790	609257	630247	650537	679952	700567	722828	748084	776996
527449	543156	561055	581884	609276	630299	650854	679989	700579	724141	748868	777653
527739	543650	561828	581902	609304	630317	650952	681149	700749	724423	749941	778399
527846	543756	562049	582121	609387	630354	651286	681448	701503	724522	749963	778539
528650	544088	562891	582705	609393	630392	651835	681539	701621	724732	750027	778571
528769	545029	563105	582978	609764	631335	651836	681673	701687	726024	750411	778708
529110	545197	563278	583147	609924	631802	651899	682064	702588	726344	751803	779074
529204	545492	563608	583418	610351	632045	652119	682789	702594	726563	751848	779269
529436	546044	564130	583672	610836	633463	652715	683225	702736	727785	751852	779926
529534	547661	564256	583856	611433	633471	653174	684392	703172	729599	752297	780310
529575	547884	564412	584284	611812	633597	653277	684668	703967	729692	752656	780378
529626	548982	564696	584314	612139	634121	653329	684722	704601	730447	753983	780806
529686	549543	564754	584921	612374	634483	653972	684937	705211	730579	754134	780815
529821	550012	564906	587460	612603	635051	654519	685503	705765	731151	754928	781586



781821	796225	812845	830501	847255	867906	882691	905744	927303	946727	965125	981643
782304	796664	813914	830544	847279	868180	882990	906389	927643	948126	965782	982141
782336	797506	814528	830860	848780	868184	883146	906510	927924	948325	965985	983263
782493	797717	814683	831578	848857	868191	883635	906626	929125	948585	966495	983418
782748	798248	814826	831979	850709	868672	884314	906935	929684	949295	966505	983466
783703	798343	815443	832825	851218	869089	884363	907307	929912	949614	966896	983906
784477	798707	815456	834361	851558	869567	884534	907495	930328	950147	967234	984087
784548	800065	815658	834472	851876	870084	884850	908295	930590	950753	968284	984248
784688	800277	816269	834565	852650	871026	886008	909398	930638	951195	968598	984646
785624	800399	816546	834606	853624	871044	886587	910317	930841	951215	969288	984803
785686	800423	816575	834612	853933	871235	886846	910746	930902	951249	969594	986441
785986	800690	816702	834678	854452	871432	887351	911259	931221	951428	969676	986480
786004	800822	816868	835176	854673	871558	887513	911823	931235	951476	970863	987439
786775	801266	816891	835199	854858	871974	887987	912737	931922	952483	970924	988809
786819	801310	816940	835498	855304	873461	888178	912758	932821	952974	971553	988947
787157	802366	817091	835632	855951	873690	888377	912952	933142	953212	971576	989646
787260	802956	817138	836353	856757	873991	888575	913481	933171	954078	971630	989757
787728	803394	818118	837151	856824	874163	888770	913622	933242	954516	971816	989778
789751	803847	818230	837704	856989	874648	889158	914320	933436	956257	971945	989790
790204	805574	818694	837894	857980	874794	889554	914529	933958	957195	971998	991062
790206	805955	818872	840126	858356	875187	890931	914821	934433	957676	972723	991240
790286	806500	819124	840189	859067	875913	891352	915374	934748	957753	972925	991784
790524	806889	820310	840876	860702	876172	891773	916465	935121	957801	973058	991820
791193	807053	820935	841397	860970	876258	892219	916751	935229	957852	973645	992785
791655	807086	821846	841602	861332	876285	893285	916780	935281	958762	973872	993101
791823	807218	821935	841858	861547	876799	893317	916836	935595	959358	974023	993536
792048	807303	822364	842353	862055	876972	893417	916911	935930	959442	974855	993679
792466	807348	822461	842662	862274	877114	893506	917058	936099	959508	976123	995131
792476	807589	823052	843256	862575	877125	893542	917258	936738	959518	976461	995612
792480	807930	823141	843413	862867	878499	893869	917675	937035	960165	976739	996356
792872	808755	823422	843480	863013	879507	896080	919610	937565	960266	976865	996429
792976	809393	823496	844759	863032	880167	896114	919920	938367	961194	976875	996811
793423	809515	823748	845029	863177	880256	896721	920232	938617	961556	976990	996842
793960	809594	823974	845685	863349	880272	897679	920356	939894	961857	977472	996845
794252	810559	823982	846162	863551	880418	898077	920665	941030	962026	977837	997308
794292	810846	824610	846220	864091	880685	899268	920756	942172	963092	977972	998247
794453	810993	824615	846296	864336	880716	900581	921493	943721	963414	978370	999211
794829	811009	826331	846430	865266	881682	901432	921662	943733	963452	978602	999250
795285	811872	826619	846480	865326	881982	902239	923562	944227	963751	979113	xxxxxx
795326	811913	827246	846598	865849	882165	902642	923597	944258	964010	979284	xxxxxx
795339	812007	829058	846944	866029	882543	902737	923677	944922	964372	979847	xxxxxx
795602	812620	829427	847078	866093	882576	903095	924870	945282	964401	980746	xxxxxx
795862	812629	829459	847193	866352	882579	903752	926616	946218	964820	980860	xxxxxx
795972	812690	830071	847247	866731	882611	904205	926678	946223	964959	981517	xxxxxx

