                       DRAW OF Rs.200/- PRIZE BOND

		         HELD AT Muzaffarabad
Draw No.81st						

Series:	Common Draw					Date:16/03/2020

----------------------------------------------------------------------------------



First Prize of Rs.750,000 /-



169299

----------------------------------------------------------------------------------



Second Prize of Rs.Rs.250,000/- each.



257431	323437	343070	473516	672491

----------------------------------------------------------------------------------	

										

2394 Prize(s) of 1250/-  Each


000225	019604	043632	072614	086259	110201	128035	149888	171606	194059	218661	240503
001256	019967	045996	072899	086649	110848	128274	150150	171641	194365	218941	241072
002023	020201	049188	072953	087023	111002	128804	150170	171798	195273	218990	241758
002070	020852	049713	072957	087376	111128	128895	150594	172060	195598	219180	242412
002506	022587	049919	073132	088295	111438	128931	150939	172313	196090	219376	242750
003470	023168	050577	073323	089139	111892	128990	151506	172547	197446	220118	243094
003636	023426	050970	073555	089407	111924	129543	151860	174008	197970	221313	243355
003765	023625	051656	074001	089862	112043	129827	151971	174074	198540	221489	244196
003961	023631	051771	074043	091058	112364	130677	152190	174426	199204	221922	244250
004664	024028	051982	075046	091347	112711	130858	152891	174806	199386	222084	244379
004676	024400	052526	075958	091477	112801	131129	154027	175098	199871	222873	244553
004802	025295	052618	076022	092031	113383	131172	154791	175812	201437	223123	244670
005486	025476	053871	076311	092194	113885	131433	154972	175957	201439	223138	244872
005537	025848	053966	076326	093643	114097	131457	156140	177437	201961	223277	245501
005990	026922	054414	076586	094100	114135	132467	156163	177590	202200	224940	246440
006053	027067	055734	076702	094106	114184	133902	156834	177661	202230	225370	247635
006074	027505	055863	076739	094203	114214	134313	156955	179618	202532	225895	247867
006347	028261	057561	076762	094431	114484	135062	157444	180246	202555	225959	248196
006398	028550	057648	076961	094514	114549	135183	159678	180363	202701	226025	248369
006834	028768	057784	076964	095322	114868	135295	159696	181016	202882	226511	248400
007359	029905	058096	077056	095427	115008	135615	160323	181179	203093	226549	248520
008488	030339	058612	077606	095881	115912	135947	160593	181813	203140	226884	248827
009074	030813	058642	077789	095968	116540	138709	160692	182123	205124	227382	249275
009868	030853	059242	077800	096301	117261	139240	160707	182411	205358	227667	249894
009877	031239	060783	077861	097097	118523	140048	161219	182641	205452	227886	251073
010087	031308	060791	077959	097397	119403	140075	161515	183450	206550	228049	251104
010993	032989	060934	078329	097502	120014	140988	162431	184928	207350	229574	251739
011277	033344	061507	078551	097627	120231	142198	162921	185243	207568	229708	253190
011751	033800	061896	078931	098323	120847	142580	163115	185436	207599	229812	254543
012829	034011	062373	079649	099130	121515	142807	163248	185611	207902	230239	254772
013940	035023	063382	080151	101134	121560	143068	163425	186344	208502	231385	255053
014794	035123	063831	080193	101428	121666	143485	163623	186595	208609	231407	255418
014880	035574	064453	080818	101914	121906	144475	163634	187214	209876	232226	258048
015064	036248	064726	080831	102190	122070	144659	164426	187959	210846	232340	258717
015113	036308	065565	081029	102341	122122	144935	164532	188803	211346	232652	259004
015150	036547	065904	081280	102444	122455	145255	164938	189130	211619	232938	259121
015549	037034	066068	081497	104195	122867	145486	165104	189470	211926	233629	259199
015791	037105	066515	081833	104495	123014	145549	165335	190230	213050	233719	260284
016050	037149	066757	082234	104785	123888	145585	165960	190581	213159	233791	260581
016129	038198	066766	082274	104970	123973	145829	166120	190590	213359	234409	261210
016459	038230	066767	083281	105593	124123	146145	166800	190826	213931	235303	261368
016697	038585	067890	083297	105691	124551	146394	167006	191131	214186	235459	261842
016920	038593	068221	083728	106663	124895	146521	167249	191335	214255	236191	261847
016955	038664	068829	083914	106879	124946	146616	167423	191583	214966	236253	261860
017198	038865	069334	083917	107027	125025	146977	167908	192005	215456	236730	261885
017252	039122	070270	084044	107683	125770	147268	167928	192217	216169	237131	262190
017913	039196	070367	084835	108371	125776	147860	168247	192288	216275	237562	262544
017945	039463	071024	084938	108566	125852	148107	168639	192290	217267	238085	262668
018414	040767	071172	085525	108649	125876	148720	168668	192421	217733	238986	265040
018867	041196	071793	085845	109204	126471	149308	170529	192429	218170	239041	265522
019047	041429	071969	085887	109521	126911	149544	170809	193174	218323	239244	266196
019227	042681	072228	086233	110109	127482	149659	171199	193841	218416	239761	266519


267038	298278	320641	335650	356035	380351	398212	423972	448694	472089	489816	507334
267549	298349	320669	336082	356184	380386	398310	424297	448749	472801	490343	507349
268148	299651	321328	337760	356200	380844	398981	424946	449162	473367	490445	507760
268151	299728	321554	339001	356332	381116	399480	425117	449249	473515	490626	507910
268337	299806	321952	339957	357001	381182	400474	425127	449340	474743	490879	508322
269017	300502	321969	340950	357085	381749	400508	425492	449701	475063	491487	508573
269100	300603	322191	341605	357399	382058	401324	426509	449959	475954	491548	508864
269388	300616	322859	342150	359230	382466	401369	426955	450144	476580	491611	509361
269877	300638	322862	343149	359513	382614	401687	426994	450272	476653	492259	509382
270313	300896	322940	343153	359567	383067	401972	427699	450646	476670	492415	509516
270577	301092	323098	343278	359942	383232	402159	427762	450990	477005	492487	509644
272786	301099	323145	343720	360298	383737	402199	427930	451064	477139	493153	509697
273186	301462	323303	343876	360409	383767	402486	428013	451350	477697	493201	509783
274319	301611	323665	343913	361316	383843	403372	428509	451870	477720	493377	509784
275470	302194	324086	344564	361596	383867	404001	428515	452739	478005	493846	509809
275573	302300	324100	344586	361893	384602	404114	429514	452774	478056	494143	510373
275638	302414	324835	345021	362025	384632	404387	429744	453660	478341	494910	510631
276540	303513	325161	345582	362355	384770	406318	430245	454817	478767	494990	510714
277249	303558	325446	345830	362662	385453	406506	432638	454921	479258	495225	511081
277480	303910	325898	346267	362996	387248	406509	433222	455007	479996	495606	511764
277595	304611	325950	346545	364270	387337	407199	433417	455576	480199	496156	512865
277886	304621	326110	346647	364570	387759	407220	433802	456012	480296	496877	512887
277921	304810	326159	346892	364578	388091	408696	434038	456300	480561	497171	512910
278194	305139	326491	347677	364830	388449	409364	434126	458228	482053	497263	513081
278269	305741	326500	348596	364928	388719	409593	434169	458627	482304	497656	513918
278595	306801	326737	348701	365287	389211	409696	434537	458733	482328	497698	514191
278852	306834	327252	348749	365363	389468	411207	434875	459023	482545	497771	514199
279354	307137	327478	349121	365612	390881	412126	437066	459649	482682	497925	514350
279513	307562	328612	350073	366219	391129	412414	437621	459971	482829	498247	514689
279628	307698	329067	350261	366231	391647	412724	437929	459998	483314	499827	514846
279733	308288	329224	350954	366824	392011	412743	439289	460147	483853	500260	514905
280457	309551	329327	351035	367148	392091	412926	439657	461218	485275	500448	515038
282419	309688	329502	351251	367624	392886	413143	440479	461597	485878	501172	515742
282667	310823	329603	351503	367738	393472	414700	440525	461629	486435	501573	516215
283060	311194	330123	351981	369527	393493	414807	440832	462025	486803	501931	517731
286247	311500	330651	351986	369828	393580	415002	440890	462074	486993	502069	517741
286262	312674	331527	352346	371538	393612	415071	441188	463200	487132	503119	518059
288515	313303	331646	352715	371549	393820	415548	443222	463367	487211	503356	518398
289579	314278	331706	352970	372687	394115	417049	444595	463673	487538	503394	518568
290652	314991	332036	352972	372916	394300	417801	445182	463985	487615	503522	519615
291133	315156	332640	353033	374357	394343	418064	445361	464858	487702	503677	519963
291833	316400	332852	353287	375752	394549	418562	445863	465251	488216	504067	520333
292210	316927	332890	353458	375936	395032	419008	446034	466756	488273	504222	520368
292225	317200	333245	354084	376642	396006	419039	446232	467201	488384	505328	520905
292920	317860	333830	354580	376891	396321	419809	446313	467527	488485	505382	520985
295622	318374	334419	354717	378053	396394	420096	446376	467604	488542	505522	521787
295690	318706	334713	354726	378323	396466	420099	446575	467717	488585	505833	522486
296642	319256	334902	354834	378941	397437	420193	446646	468300	488926	505889	523887
296812	319473	334989	355002	379189	397588	421166	447440	468396	488989	506182	524198
297451	319565	335098	355201	379190	397659	421905	447629	470053	489389	506224	524886
298009	319577	335302	355438	379207	397833	422229	447836	470674	489563	506238	524970
298028	320497	335597	355767	379551	398164	422810	448396	471281	489798	507152	526809


527496	548711	569920	593414	614255	635067	652024	675643	703476	729062	749049	775188
527866	549270	569929	594691	614829	635091	652313	677313	703644	729116	749349	775455
528032	549565	570713	594854	615334	635353	652383	678105	704001	729417	749909	775810
528635	549931	571016	594940	615399	635591	652406	678125	704422	730075	750316	776022
529534	550071	571049	595397	615914	635601	652934	678167	704525	730173	750562	776339
529581	550346	571226	595598	615978	635806	652982	678526	704662	730229	750916	776956
529861	551129	571595	596303	616064	635827	654555	679397	705036	730511	751109	777741
530150	551198	572290	597328	616310	636674	655178	682384	705453	731026	751448	777986
530256	552272	573565	597424	617160	636828	656346	682524	705657	731713	751794	778195
530557	552320	573576	597492	617531	636938	656470	682619	706062	732341	752314	778202
530662	552462	574958	597494	619032	637444	656640	682666	706287	732801	752907	779450
531297	552506	575167	598091	619091	637574	657004	682745	706427	733297	753256	779498
531856	552862	575964	598118	619459	638344	657035	683773	707159	733940	754134	779516
532880	553327	576123	600228	619711	638614	657140	684355	707766	733994	754264	780192
532927	554325	576664	600243	620764	638833	657676	684680	708301	734664	754293	780693
533666	554635	576947	600391	621014	639190	658381	684697	708416	734693	755790	782170
534774	554866	577115	600399	621461	639394	658558	685087	708605	735024	756361	782300
534969	555530	577124	601135	621677	639525	658906	685343	708917	735410	756426	782306
535304	555845	577629	601473	621707	640133	659030	685414	709452	735462	757200	782533
535319	556594	578098	601621	621902	640406	659103	686323	709645	736156	757282	782815
535477	556877	579414	602214	622429	640953	659122	686933	710546	736768	757978	783292
535550	557096	579471	602360	622451	641071	659218	687966	712138	737360	758806	783799
535808	557723	580855	602820	622661	641270	659997	688861	712266	737596	760390	784113
535955	557725	581239	602869	623882	641274	660172	689455	712936	737735	760452	784172
537432	558957	582060	603337	624040	641297	660185	689580	714217	738151	760476	784331
537668	559303	582224	603500	624043	641503	661083	689798	714612	738152	761032	784854
537907	559354	582844	603617	624904	641700	662610	691020	715315	738159	761215	785819
538008	560077	583835	603697	625144	641821	663615	691169	715385	738348	761398	785996
538981	560150	583847	604036	625860	642535	663919	691594	715625	738687	762304	787034
539338	560378	585149	605363	625911	643339	664577	692079	716813	738900	762544	787075
539469	560785	585978	605719	626486	643875	664654	692773	717029	739046	762726	787301
539896	561814	586044	606031	626623	644515	664844	693108	717322	739512	763236	787595
540076	562569	586896	606472	626952	644859	666433	693282	717738	739616	763306	787812
540343	562816	587002	607162	627073	644916	666784	693385	717813	740267	763445	787864
540860	562959	587378	607872	627479	645577	668567	693530	717988	741715	763579	788364
540937	563313	587553	608435	627808	646170	668677	694686	719581	741769	764204	788636
540999	564196	587842	608514	627946	646392	668911	695018	721081	742162	764974	788978
542120	564278	587986	608532	628008	646568	669354	695513	721395	742178	765257	789093
542702	565400	588082	609418	628017	646608	669468	696047	721972	742306	766228	789326
542872	565940	588644	609461	628450	646665	670158	697768	722945	742436	766376	790106
543304	565966	588650	609694	629203	647005	670340	698811	723457	742506	767937	790194
543965	566118	590207	610036	630718	647700	670857	700194	723566	742688	768370	791431
544010	566490	590284	610811	631302	647870	671838	700209	724181	743486	770091	791517
544477	566917	590290	611018	631528	648130	672319	700300	725462	743665	770338	791924
544692	567151	590620	611057	631973	648354	672551	700310	725551	743831	770888	792122
545966	567406	591019	611253	632160	648508	672862	700762	726076	744159	771846	792162
546353	568468	591346	611354	632742	648552	673398	701262	726211	744356	772543	792826
546361	569297	591712	612149	633670	648630	674154	701463	727438	744803	772999	792947
547328	569520	592111	612424	633855	648675	674487	702410	728122	747238	773592	793347
547983	569755	592431	613140	634022	649067	675091	702461	728360	747293	774051	793369
548286	569768	592460	613553	634414	650683	675361	702540	728527	748492	774458	793694
548407	569790	592502	614241	634585	651492	675546	703121	728980	748996	774904	793746



794544	811928	837991	858684	877878	896442	914852	930855	945173	962765	983971
794621	812441	838200	858853	877883	896515	915083	931081	945284	963182	984543
795128	813644	838673	859448	877890	897164	915700	931307	945332	963204	984857
795448	814023	840400	861567	877951	897178	915884	931754	946475	963440	985648
797824	814487	840937	861569	877999	897636	917999	931965	947143	964918	985772
798392	815052	840958	861808	878441	898071	918083	931987	947169	965255	985892
798645	815477	841154	861851	879040	898578	918396	932885	947183	965306	985990
800038	816385	841184	862064	879222	898669	918404	933155	947284	965909	986047
800219	817078	841230	862398	879725	899001	918890	933342	947695	966238	986151
800253	817172	842070	862568	880037	899389	919666	933371	947805	966700	986155
800264	817465	842264	862589	880192	899621	920098	933472	947921	966705	986185
800517	817487	843230	863306	880209	900053	920222	933985	948909	966731	986434
800610	818203	843782	863344	880226	900813	920359	934043	949419	967168	986688
801158	818647	845441	863771	880367	902042	920558	934305	949770	967768	986931
801300	820253	845714	864606	880677	902235	920825	934874	950224	968947	987155
801511	820429	845715	864977	881822	902316	920846	935115	950612	969716	987223
801691	820439	846289	865245	882047	903471	920853	935464	950628	970313	987793
801848	820639	846296	865845	882378	903675	921039	935695	950701	970396	988333
801904	821112	846324	866397	882725	903819	921244	935825	950756	971145	988477
802124	821771	846414	867108	882836	904140	921425	935853	950823	971452	989109
802618	821914	846532	867131	883713	904622	922095	936535	951015	971674	989994
802919	822147	847013	867534	884107	904838	922491	937217	951146	971802	991143
803309	822227	847163	867535	884137	904914	923417	937901	951628	971902	991871
803544	822319	848405	867674	884225	906187	923703	938140	952191	973548	992408
804451	822477	848417	867713	884796	906301	924847	938153	952266	973673	992478
804737	822652	848420	868222	885134	906653	924975	938245	952568	973789	992991
805158	824202	848496	868576	885535	906755	925497	938403	952933	974417	993303
805543	824925	849128	868829	886019	907649	926032	938535	953159	974486	993752
805921	826854	849251	869062	886535	908011	926176	938677	954036	974733	994679
806392	828406	850524	870012	886575	908181	926226	938750	954872	974805	994835
806678	828418	850574	870799	886987	908352	926469	938875	954955	974936	995270
807298	828550	851064	870817	887029	908373	926954	939471	955020	975151	995340
807429	828678	852755	870827	887123	909079	926966	939534	955100	975623	995720
807475	828999	852856	872308	887724	910077	927451	939804	955546	977781	995802
808378	829578	854313	872960	888555	910456	928194	939907	956802	978154	996382
808453	829846	854874	873102	888819	910532	928213	940041	957253	978227	996468
808616	830008	854994	874024	889010	910895	928309	940967	958271	978263	996819
808718	830341	855083	874414	890412	911077	928609	941127	958447	978829	998348
808925	830802	855713	874948	890711	911829	928769	941553	958490	979010	998800
808968	830868	855960	875246	890982	912311	928795	941567	959115	980153	998846
809021	833607	856093	875410	891330	912416	928918	942183	959265	980498	999074
809035	833718	856141	875451	891998	912937	928983	943311	960363	980541	999582
809597	834729	856288	875588	892035	913243	928993	943395	960475	981026	xxxxxx
809691	835047	856549	875591	892185	913381	929166	943464	960792	981298	xxxxxx
810011	835499	856578	876626	892204	913404	929189	943540	961325	981791	xxxxxx
810921	835592	856851	876741	892824	913491	929496	944084	961732	982196	xxxxxx
811315	835954	856920	877570	894078	913565	930489	944332	961736	982585	xxxxxx
811547	837222	857581	877854	895402	914646	930622	944369	962217	983546	xxxxxx
