                       DRAW OF Rs.200/- PRIZE BOND

		         HELD AT PESHAWAR
Draw No.80th						

Series:	Common Draw					Date:16/12/2019

----------------------------------------------------------------------------------



First Prize of Rs.750,000 /-



389955

----------------------------------------------------------------------------------



Second Prize of Rs.Rs.250,000/- each.



162087	310074	517606	521670	806287

----------------------------------------------------------------------------------	

										

2394 Prize(s) of 1250/-  Each


000350	022577	042017	055634	081156	103373	126042	146860	167246	182801	202463	227534
000380	022699	042147	056041	081253	103375	126567	147418	167378	182805	203176	227784
000555	023324	042512	056312	081637	103791	127179	147535	167527	182816	204392	228085
001018	023541	042714	057119	081848	104019	127680	147668	167565	184609	205726	229553
001430	023605	042933	057385	082171	104150	128915	148270	168360	185029	205960	229578
001623	023774	043074	057424	082333	104719	129536	148588	168814	185317	206332	229701
001684	023974	043218	059412	082886	105204	129728	148846	169140	185716	206391	229818
003058	023988	043343	059450	083342	105744	130159	148856	169184	185728	206605	230142
003587	024196	043802	059545	084632	106047	131069	149650	169189	185756	207015	230963
003824	024444	044538	060906	085384	106094	131190	150427	169391	185776	207814	230987
004017	024669	044897	061148	085559	106202	131493	150499	169715	186301	207902	231629
004548	024950	045465	061752	087246	106649	131682	151613	169843	186762	207995	231984
004612	025301	045472	063205	087736	107799	132794	151773	169963	187325	208593	232043
004747	026528	045741	063453	088475	107932	133054	152054	170425	187618	208722	232117
005865	026718	045811	063463	089215	108317	133292	152269	170435	187631	209015	233007
005995	026822	045891	063959	090339	108467	133547	152994	171183	188093	209720	233093
006309	028311	046102	064245	090465	110054	133604	153704	171806	188445	209750	233142
006575	029364	046343	064574	091125	110142	133709	154990	172123	188754	211286	234313
006666	029933	047261	064869	091995	111446	134013	155345	172583	189161	211579	234686
007319	030622	047520	064925	092130	111721	134133	155691	173429	189198	212172	235039
007939	030926	047574	065146	092188	111980	134579	156078	173760	190480	212631	235137
007942	031176	047959	065765	092516	112603	134749	156185	173800	190595	212750	235258
009783	031821	047969	066440	092544	112627	135473	156364	174003	191381	213037	235336
010317	032651	047971	066538	092759	113167	135569	156701	174100	191714	213545	235673
010568	033565	048683	066659	093348	114543	136099	156832	174161	191852	214736	235717
011060	033745	048812	067071	093588	114646	136136	157425	174407	191998	214769	235754
011510	033894	049253	068058	093738	115005	136140	157859	175100	192049	215512	236125
011613	034101	049286	068782	093746	115336	137461	158573	175129	192152	215617	236155
011625	034187	049868	069193	094119	115722	137463	158757	175172	192154	215827	236258
011683	034305	049998	069310	094274	117726	137603	158890	175356	192415	215862	236371
011823	034462	050017	069642	094590	117835	137659	159069	175609	192780	216444	236547
012609	034823	050104	070646	094966	118421	138255	159445	175769	193044	216494	237286
012870	034916	050387	071046	096482	118747	138448	159973	175782	194016	217510	237697
013648	035012	050727	071498	097749	118780	138499	160465	175877	194640	217556	238025
014019	035061	051169	071972	097956	118834	139203	161011	176433	195011	217635	238248
014219	035337	051627	072775	098016	119230	139505	161135	176731	195808	217664	238405
014636	035363	053110	073068	098074	119737	139688	161376	176792	195846	217837	239204
014664	035787	053179	073083	098263	119751	139705	162108	177333	195863	217980	239953
015647	036228	053249	074309	098929	119926	140433	162707	177800	196039	218237	240633
015654	036387	053391	074794	099399	121208	140459	162761	177861	196098	218515	241013
016168	036527	053420	075325	099418	121423	140573	163654	178977	197179	218629	241542
016537	036659	053627	076040	099913	123281	140642	163891	179205	197783	221081	241941
016908	037551	054139	076114	100025	123855	141391	163961	179861	198357	221115	242471
018463	037697	054160	076327	100187	124025	141583	164367	179957	198700	221627	242796
018627	037815	054230	076810	100361	124090	142038	164897	180428	199935	222196	244169
018747	038107	054603	077504	100607	124263	142427	165337	180504	200243	222982	244267
019350	038473	054610	078842	101018	124493	143205	165483	180900	200672	222990	244505
020432	038622	054658	079161	101056	124699	143521	166239	181018	201132	223866	245229
020975	040753	054966	080123	101081	124785	143741	166578	181714	201683	224046	245285
021018	040995	055290	080683	101316	125187	144999	166671	181749	201989	224123	246140
022075	041059	055434	080701	101969	125424	145466	167000	182777	202280	225732	246488
022539	041536	055475	081122	102287	125462	145823	167085	182780	202287	226555	246683


247574	269978	291649	316635	337567	360290	378968	400505	424876	450054	470178	498257
247723	270511	291806	316637	337584	360363	379022	400960	424970	450206	470287	498349
248005	272971	291866	317174	338026	360378	379573	401059	425225	450404	470479	498581
248115	273341	293796	318273	339295	360762	380508	401179	425467	450910	470688	498985
248209	273368	294363	318453	340393	360769	380942	401704	426333	451213	473359	499004
248282	274621	294429	319329	341467	360865	381762	401945	426744	451544	474767	500607
248433	274645	294448	319345	342034	361152	381812	402522	427144	452389	475336	501366
249058	275223	294998	320349	342681	362314	383067	402667	427430	452498	475664	501587
249166	275460	295057	320441	343071	362511	383343	402807	427882	452671	475868	501659
249355	275768	295428	321450	343105	362545	383802	404385	428311	453166	476090	502721
249484	275829	296019	322025	343527	362764	384003	404992	428682	453420	477652	502829
249836	276014	296712	322423	343866	362860	384062	405136	428704	454206	477692	503203
250245	276626	296721	322950	344172	363038	384367	405159	428737	454371	478022	503329
250591	276833	297342	323348	344525	363444	385055	405486	429243	454525	479083	503392
250601	276975	297623	323493	345826	363714	385607	405972	429645	454709	479680	503799
250723	277590	297649	323642	345981	364051	386298	406188	429933	455115	480056	504230
251385	277870	297941	324209	346035	365237	386738	406326	430350	455540	480179	504311
251543	277949	298289	324353	346143	365307	387027	407616	431489	456137	480238	505530
252109	279118	299274	324980	346945	365804	387447	407923	431609	456548	480600	505984
252512	279591	299751	325513	347041	366515	387716	408559	433043	456686	480947	506285
252841	279720	300679	325572	348427	366707	388191	409096	433051	457334	484885	506521
253253	279948	301992	326538	348579	367108	388586	409416	433191	457497	484974	506577
253670	280442	302040	326728	348745	367144	388784	409695	433866	458211	485573	506983
253772	281246	302713	326855	349174	367181	389062	409897	434131	458714	485909	507604
253794	282723	303876	326949	349243	367361	389519	410029	434184	458718	487182	507688
254965	282772	304216	326997	350650	367520	389616	410832	434789	459934	487709	507710
255092	282877	304525	327095	351212	367817	390909	411047	434949	460085	487782	508398
255283	283026	304704	328345	351505	367990	391663	411525	436282	460380	487859	508813
255724	283252	304784	328530	351944	368017	392326	415084	436788	460675	487992	509062
256831	283261	305615	328565	352148	368553	392390	415165	439251	461185	488425	509136
257151	283582	306072	328601	352441	368853	393034	415877	439575	461634	488553	509402
257414	283906	307012	328856	352998	370307	393089	416245	439771	461674	489054	510085
257563	284101	308437	329291	353335	370683	393305	416789	440593	462078	489898	510412
259510	284277	309938	330985	353578	372299	393371	416807	440761	463354	490184	511172
259539	284418	310622	331462	354795	373710	393465	417309	442278	464090	490221	511370
260284	284461	310670	331500	355146	373742	393700	417398	442370	464223	490503	511656
261254	284535	310774	331572	355498	374262	393763	417405	442721	465050	491086	511669
262139	285551	311295	331588	355523	374620	393806	419053	443840	465051	491553	512387
263828	286245	311726	331628	355601	374895	394296	419300	443842	465674	491937	512801
264334	286386	312277	332801	355812	374933	395299	420301	443909	465699	492481	513087
264409	286489	312500	334318	355850	375473	395441	420452	443971	465789	492830	513844
264766	286519	312800	334401	355899	375524	395615	420718	444213	466138	493211	513884
264919	286830	313272	334527	356130	375623	395910	421051	444595	466573	494119	513897
265270	286875	313778	334768	356525	376182	396317	421064	444736	466674	494627	514619
265386	287307	313787	335012	356811	376597	396543	421187	446630	466789	494934	515992
266187	288631	314070	335754	357600	377488	396768	421523	446912	466858	495034	516168
266223	288790	314078	336012	357653	377824	396781	421798	447144	466869	495339	516377
266794	290182	315137	336044	357685	378025	397382	422446	447827	466957	496688	516453
267373	290581	315533	336112	358191	378159	397696	422525	448497	467358	496845	516722
268428	291067	315925	336656	359596	378325	398367	422955	448973	468121	497296	516976
269923	291177	316395	336681	360018	378464	398449	423587	448995	469154	497667	517552
269963	291534	316607	337342	360218	378655	399791	424624	449667	469834	498158	518026


518862	542647	563183	583839	608346	630594	653417	676155	696649	727214	747799	767874
519119	543045	563578	583972	608380	631424	653609	676458	696907	727870	748027	767980
519778	543070	563660	584205	608582	631510	654308	676699	697323	728862	748430	767988
520155	544441	563686	585780	609491	631935	654414	676704	697633	729862	749625	768323
520826	544714	564363	587009	610195	633594	655204	676921	697947	730046	749650	768493
521015	544871	564752	587763	610533	635594	655443	676946	698668	730427	750617	768708
521042	545406	565051	588059	611425	635720	656709	677394	698873	730808	751271	768887
521429	546812	565124	588420	611601	635785	658086	678105	699158	731962	751446	769058
521877	547459	565215	588624	612573	636130	658720	678928	699973	732256	752441	769105
522744	547834	565793	589201	612700	636202	659054	678962	702029	733325	752465	770452
522785	547931	566383	590121	612976	636720	659107	679428	702673	734147	752878	770733
523016	548295	566916	591456	613437	636756	659353	679542	702724	734190	752886	771203
524656	549683	568024	591779	614386	637287	659691	679543	704099	734212	752939	771453
524812	550108	568513	592267	614549	637720	660015	679743	704318	735359	753153	772611
524901	550317	568609	593054	615147	637924	660116	680322	704733	735843	754662	772751
525858	550335	570645	593588	615898	638392	661206	680762	705085	735866	755409	772770
527638	551075	570957	593614	616153	638417	661328	680931	705821	736015	755894	773461
527768	551240	571530	594289	616247	638720	661467	681177	707313	736728	755900	773762
527971	551410	571622	595250	616259	638991	661805	681825	707936	737101	755990	774025
528187	551653	572325	595289	616756	639011	661884	681828	708757	737215	756158	774454
528867	551654	573097	596555	616907	639037	662303	682446	710920	737869	756899	774474
529175	552196	573169	596644	617212	639052	662661	682459	710953	738182	757406	774639
529811	552433	573672	596877	617706	639372	662788	683732	710975	738485	757446	774701
529814	552841	573679	596909	618305	639525	663626	683756	711427	738644	758359	774738
529976	553750	573701	598025	619084	639747	665217	684709	712139	738769	759069	775784
530323	554341	573825	598506	619190	639815	665309	684916	714318	738836	759364	775815
530650	554483	573900	598982	619624	639821	666046	684941	714975	738886	759684	775912
533028	554503	573962	599595	619828	639912	666280	685802	714976	739180	759757	776344
533442	554696	574226	599628	620210	640058	666510	685805	715274	739192	760034	776485
533773	554975	574262	599964	620765	640138	666575	686179	716847	739312	760186	776585
534808	555229	574735	600264	620807	642059	666627	686485	717386	739358	760235	776986
535100	555760	574816	600610	621120	642238	666833	686855	717517	739437	760299	777105
535943	556194	575071	601222	621196	642849	666867	686905	717615	739660	760752	778533
536405	556406	575141	601247	621891	643470	668739	687074	717939	740853	761316	778655
537342	556411	575309	601376	622057	644465	668812	687743	717952	740978	761340	778874
537492	557162	576930	601544	622664	644642	669164	687842	718535	741197	761831	778940
537627	557307	576957	601891	623013	645310	669175	687861	718891	741259	761910	779189
537680	557359	576978	602045	623506	645910	669723	688032	719363	742043	761979	779274
538609	558151	578120	602307	623632	646091	669775	688531	719446	742790	762155	779492
538695	558665	578784	602322	623896	646125	670620	688668	720835	742857	762193	780612
538772	558878	578944	602716	624123	647953	670975	689027	722006	742867	762804	780730
538810	559942	579034	602802	624443	647969	671777	690215	722775	743262	762960	781375
538812	560125	580754	603323	625158	648553	672361	690339	722807	743656	763313	781578
538968	560623	581213	604003	625617	650716	672408	690519	723253	743670	764247	782366
539043	561433	581319	604088	626042	651177	673729	691509	723325	743937	765594	783244
539355	561440	581566	604697	626185	651756	674791	691708	724028	744192	766178	783317
539956	561776	581774	604794	627017	652264	674801	693252	724218	746191	766241	783568
540304	562168	581902	605822	627923	653020	674803	693689	724594	747113	766458	783788
540981	562454	582614	606277	629517	653046	674952	693893	725380	747126	766609	783876
541079	562583	582627	606790	629878	653160	674984	694171	725482	747318	766626	784031
541393	562642	583116	607101	629902	653229	675310	694557	727150	747365	767427	784616
542378	562861	583700	608333	630500	653391	676119	696000	727195	747786	767450	784767


785496	803096	822091	843586	863616	883567	901476	922443	939597	957172	975688	989427
785994	803673	822986	844031	864001	883780	902729	923032	940192	957735	975707	990145
786173	803739	823490	844329	864948	885211	903077	923446	940289	957835	975828	990493
786438	803771	823777	844490	866072	885811	903670	924785	940687	958113	976549	990825
786552	804170	823801	844565	866338	885923	903855	924888	940795	958366	977048	990932
786581	805596	824105	845079	866619	886045	904047	924958	940899	958524	977386	991274
786837	805715	824164	845632	866789	886068	904444	925690	941001	959040	977606	991618
786922	806519	824319	846334	866795	887124	904477	925937	943609	959287	977670	992354
786996	806533	824521	847287	867484	887298	905139	926006	943893	959533	977878	992433
787016	806575	824641	847290	867669	887718	905929	926344	944421	959568	977955	992509
787323	806645	825334	847337	868886	888766	906163	926830	944530	960574	978492	992582
787715	807552	826270	847559	869468	888909	906802	926909	944640	960722	978545	992593
787869	807657	827007	847758	870032	889467	907573	927412	944641	961064	978797	993310
789163	807916	827760	847776	870480	889575	908263	928040	945155	961310	978885	993533
790096	808219	827788	848540	870608	889578	908446	928194	945828	961842	978933	993596
790427	808331	827962	848632	870647	890265	908640	928633	946346	963537	978939	993662
790712	808346	828381	850094	870975	890476	908858	929360	946828	963810	979484	994511
791294	808919	828502	850567	871870	891436	909417	929455	947082	963936	980283	994573
791781	809209	830097	852537	873297	891770	910439	929940	948305	964191	980606	994803
791951	809526	830666	852812	873333	891864	911287	929979	948641	964487	980873	995538
793234	809543	830795	853060	873680	892750	911916	930182	949300	964945	980915	995592
793532	810340	831292	854396	874730	893061	911938	931502	949644	965120	981251	996211
793590	810672	831718	856102	875041	893137	912209	931669	951370	965129	981286	996303
793655	810959	831777	856435	875754	893323	912752	931862	951836	965885	981295	996305
795026	811397	832222	856504	875767	893477	912777	932501	951870	966190	982375	996675
795372	811700	832330	857858	876597	893896	912781	932542	952107	967280	982631	996993
796430	811834	832462	857912	876700	893981	913178	932847	952741	967475	982799	997619
797157	812391	832471	857930	877228	894491	914926	933325	953139	967517	983366	997920
797509	812395	832682	858660	878172	894659	915690	933418	953480	967646	983514	997990
797950	813037	833044	860482	878387	895051	915777	933661	953573	967821	983799	998017
798061	813173	833224	860547	878685	896143	916264	933993	953883	968585	984457	998384
798076	813299	833260	860742	878711	896662	917124	934244	954513	969270	985373	998923
798869	813502	833381	861135	879134	896677	917275	934838	954541	970025	985590	999342
799034	813733	833690	861373	879182	897568	917378	934853	954657	970105	985708	999373
799700	813926	833724	861447	879692	897576	917500	935219	954875	970340	985800	999463
799884	814128	833861	861491	879942	898237	917593	935380	955303	971406	986612	999512
800678	814946	835443	861685	880052	898444	917624	936130	955563	972611	986733	999547
801570	815294	835452	862490	880371	898512	918303	936459	955782	972816	987640	999783
801688	817392	835713	862783	880562	898701	918444	936675	956007	973245	988134	******
802121	819682	837687	862972	881015	898986	919495	936974	956158	973291	988365	******
802198	819913	838141	862999	882110	899490	919522	937151	956556	973817	988600	******
802369	821588	839322	863117	882251	899512	919562	937224	956634	974692	988664	******
802458	821632	840857	863412	882747	900759	919876	937319	956877	974711	988867	******
802843	821691	842262	863493	883127	901472	921257	937366	957135	974722	988896	******


