                     DRAW OF Rs.200/- PRIZE BOND

		         HELD AT MUZAFFARABAD
Draw No.78th						

Series:	Common Draw					Date: 17/06/2019

----------------------------------------------------------------------------------



First Prize of Rs.750,000 /-



539663

----------------------------------------------------------------------------------



Second Prize of Rs.Rs.250,000/- each.



160370 	531965	667595	825630	825917

----------------------------------------------------------------------------------	

										

2394 Prize(s) of 1250/-  Each


000510	023312	046331	068823	094965	122335	144350	172691	194139	212880	230330	248940
000631	023349	046469	068842	095943	122425	144754	173108	195098	213057	230807	248952
001083	024026	046503	069186	096031	122690	145178	173368	195249	213059	231199	249841
001271	024628	047789	070453	096483	122818	145740	174829	195449	213369	231363	250002
001649	025741	047828	070497	096560	123613	145784	174855	195956	213385	231795	250546
001730	025975	049897	070665	097580	125045	146748	174996	196034	213795	231828	250549
002740	026487	050214	071159	098233	125355	147758	175070	196481	213975	231846	250663
004727	026553	050985	072408	100033	125593	147854	175945	197078	214589	232127	250667
004750	027186	052182	072595	100792	126431	147934	176078	197303	214665	232641	250789
004882	027889	052261	072847	100920	126459	148092	176727	197390	214846	232831	251184
005387	028668	052820	073358	101028	126903	148198	177275	197944	214860	233147	251832
005708	029077	053003	073622	101206	127425	148479	178338	198682	214920	233888	252796
005792	029161	053030	074187	101695	127478	149454	178775	198696	214940	233915	252884
006015	029422	053300	074647	102533	127778	149602	179078	198803	215215	234353	254210
006121	029711	053398	074813	102812	128006	149664	179109	199904	215301	234387	255162
006159	031236	053406	075377	104279	128104	150532	179441	199959	215951	234651	255497
006440	031710	053409	075710	104425	128990	151347	179759	200013	216333	235752	255571
007168	031950	053574	075725	104852	129155	152091	179862	201952	216692	236082	256635
007360	032412	053741	076848	104892	129316	152528	179983	202133	217198	236460	258222
007664	032625	054128	076970	105177	129769	152661	180030	202279	217303	236803	259074
009196	032844	055401	077291	105893	130501	153008	180667	202327	217412	238017	259234
009821	032936	055666	077993	105910	130506	153221	181029	202399	218084	238280	260761
010149	033339	055696	078149	106208	130822	153893	181890	202511	218089	238306	262104
010352	034217	055816	078490	106737	131585	154153	182038	203077	218536	238419	262495
011722	034451	055852	078661	107211	131628	154379	182088	203256	218931	239044	263143
012576	034864	056036	080462	107285	131711	155242	182608	203852	218999	239163	263194
012752	035028	056386	081019	107645	131816	155734	182690	203999	219147	239585	264240
012767	035703	056547	081450	107669	132278	158303	183235	204042	219692	239694	264856
013445	036467	056583	082562	107830	133855	159402	183243	204573	220659	239853	265532
013635	036782	056988	082609	108587	133974	159474	183578	204738	220687	240079	266016
014165	037103	057704	083034	109358	134391	160643	183808	204880	221940	240161	267107
015030	037352	058272	083313	110959	134946	161147	183821	204948	222151	240564	267905
015113	037612	058307	083449	111025	135608	162111	184147	206034	222600	241940	267945
015135	037710	058739	083455	111081	138098	162476	184814	206099	222791	242684	268140
015869	037782	059069	083771	111849	138396	163090	184908	206447	222997	243005	268423
016330	038215	059587	084861	111995	138550	163226	185316	207337	224361	243306	268682
016487	038373	060053	085686	113255	139129	163266	185922	207801	224695	243551	269104
016679	038625	060887	085887	113795	139525	164044	186602	208295	225702	244256	269255
017145	039370	060948	086288	114055	139549	164332	186772	208568	225752	244375	269741
017157	040132	062570	086745	116324	139890	164699	186833	208584	227057	244414	269786
017491	040551	062648	086896	118106	140116	165145	188190	208723	227438	244817	269824
019424	040671	063033	087841	118586	140129	165480	189050	209615	227917	245251	271746
019929	041183	064010	089366	118669	140235	166308	189489	210351	228153	245486	272017
020284	042039	064352	089605	119496	140254	167428	189979	210504	228235	245707	272093
020511	042607	064640	089606	119688	140377	168573	190038	210563	228594	246577	273525
020537	042822	064819	090113	119883	140603	168707	190206	210622	229157	246723	273526
020655	043323	064865	091923	119920	140936	169096	190308	210764	229172	246747	273538
021006	043513	065716	092080	120075	141340	169241	190861	210776	229264	246880	273781
021770	044072	066247	092596	120295	142732	169522	191073	211403	229298	247290	273905
022776	044497	067113	092634	120713	142811	170614	191372	211886	230016	248369	274743
022896	045014	067912	094090	121555	143312	171619	192389	212153	230133	248641	274765
022921	045441	068318	094916	121827	143683	172220	194052	212791	230308	248825	275158



275515	304569	326056	344055	366619	388145	406864	432581	450217	473147	494031	514880
275617	304608	326207	344219	367550	388999	407385	433346	450463	474022	494125	515093
276043	306073	326413	345015	367995	389028	407630	433474	451757	474932	494796	515212
276448	306196	327147	345429	368032	389148	407683	433572	452121	475648	495183	515909
276535	306783	327374	345665	368652	389329	408585	433678	452364	475903	495482	516265
276690	308133	327773	345979	368801	389681	408770	434066	453469	476333	495549	517038
276787	308853	328107	346059	368902	389892	409848	434565	455356	477712	496138	517113
278119	308921	328289	346345	369965	389934	409963	435198	455558	477766	496306	517587
278758	309707	328600	347378	370660	390332	410315	435780	455565	477964	496319	517601
279100	309877	328716	348604	371268	390635	410333	435891	455710	478413	497129	517863
279546	309975	328916	348615	371346	391051	410598	436277	456351	478898	498148	517918
280297	310161	328924	348782	371704	392263	410713	436508	456400	479001	498506	517997
280732	310384	329242	348977	371996	392311	410955	436577	456481	479212	498591	518017
281539	310667	329672	349179	372637	392708	411500	436648	456672	479214	498601	518081
282096	311337	329926	349235	372719	392800	412805	436930	456688	479495	498971	518208
282800	311904	330518	349337	373234	394140	414320	438035	456908	480039	499618	519247
282835	312266	331108	349365	373395	394302	414544	438138	457156	480042	499637	519268
284318	312717	331284	349586	373972	394965	415927	438236	457494	480497	500125	519980
285629	313144	331311	350598	374261	395099	415930	438479	457586	481308	500347	520497
285700	314376	332217	351086	374438	395272	416035	438678	457638	481810	500482	521149
286351	314639	332804	351104	374445	395747	416412	438932	457823	482217	500969	521272
287566	314778	333460	351488	374478	396111	416827	439001	458414	482647	501030	521791
288362	315746	333562	351978	375756	396601	417295	439497	459266	482694	501261	521799
288799	315836	333597	352283	375889	396858	417777	440000	459754	483324	502684	521806
289758	315854	333627	352305	377301	396859	418701	441019	459833	483514	502856	522180
290542	315945	334029	352427	377450	396912	420353	441049	459885	483532	504417	522583
290689	315950	334060	352788	377577	396945	420619	441802	460047	483833	504816	523094
291897	316860	334325	354295	377622	397135	420640	441974	460339	484668	504897	523213
292231	316934	334726	354511	377649	397402	422722	442091	460724	486055	505140	523329
293517	317913	334814	355158	379128	397836	422773	442230	461004	486342	505317	523740
293670	318620	334864	355915	379434	398118	422926	442252	461205	486726	505600	524132
293720	318703	335743	356356	380397	398352	423092	442296	461912	486825	505687	524390
293812	319520	336364	356762	380784	398868	423441	442318	461928	486833	506930	525016
294120	319570	336543	356855	380977	398946	424256	442912	462619	486940	507484	525821
295025	319896	336810	357572	381377	399571	424440	443002	463014	486986	507579	525886
295779	320593	337938	357927	381785	400828	424584	443738	464296	487049	507585	525932
295884	321230	338492	359199	382564	400980	425197	444871	464615	487327	508053	526067
297380	321604	338942	359368	382658	401775	425225	445073	465100	487594	508058	526399
297475	321865	339106	359440	383134	402117	425619	445595	465432	487904	508265	527121
297926	322184	339122	360202	383156	402694	426252	445953	465692	488121	508535	527292
298271	322189	339628	361124	383363	402726	426441	445978	466035	488876	508849	528177
298732	322724	339958	361142	383386	403470	426687	446296	466059	489457	509252	528975
298769	322826	339963	361714	384097	403472	428944	446751	467374	489900	509939	529078
298919	322831	340662	361716	384753	403836	429137	446997	468413	491977	510238	529131
299444	323550	340803	361843	384933	403872	429695	447935	468635	492484	510261	529427
299923	324015	341362	362299	385945	403878	430611	447978	470428	492639	511117	529972
300660	324044	341656	362627	385981	404497	430688	448376	470525	492716	511546	530068
301077	324163	342046	363347	386379	404873	430729	448463	470729	492821	511990	530462
301256	324345	342909	365645	386397	405295	430950	448568	471152	492900	512913	530714
301750	324976	343154	365804	386524	405881	431090	448640	472159	493419	513406	531599
303125	325144	343728	365848	386639	406331	431704	449126	472276	493952	513712	531886
304224	325344	343912	366546	387064	406795	431862	449381	472706	493953	514874	532108


532779	550337	569563	588805	609448	626862	642169	663484	691337	718068	736047	760742
532934	551818	569773	589657	609719	627212	642180	664860	691652	718360	736198	760955
533120	552644	569800	590403	609831	627456	642186	665683	692404	718669	737179	761355
534077	552877	569947	590500	610377	627691	642334	665852	692623	718858	737258	762492
534819	553681	570294	591517	610881	628116	642408	666208	692841	719211	737865	762849
534970	553814	570562	591752	611406	628577	642534	668604	693289	719422	737894	763888
535079	554016	571438	591824	611722	629045	643875	668957	694171	719427	739310	764058
535652	554043	572829	593178	612012	629263	644794	670325	694482	719483	739720	764617
535682	554297	572889	593735	612195	629401	644860	670745	695162	719517	740071	766350
535999	554464	572932	594087	612440	629695	645713	671127	695290	720455	740178	766651
536030	554598	573354	594161	612833	629949	645804	671235	696274	720773	740401	767335
537529	555268	573404	594196	612859	629980	645917	671261	696447	720863	740932	767661
537545	555445	573716	595303	613271	630875	646287	671288	696667	721208	741314	768315
537612	555673	573961	595586	613772	631130	646323	671401	696713	721834	742423	768819
537825	556030	574224	595972	613929	631240	647489	671753	697569	722276	742528	769246
538205	556585	574721	597136	613979	631314	647917	673904	697620	722833	742572	769968
538557	556592	575392	597253	614402	631756	648085	673953	697800	723645	743054	770513
538722	556695	575806	597290	614516	631917	648587	674093	697928	723660	743811	770628
539078	557177	575815	598727	614664	632225	648771	674300	698934	723810	745079	771013
539114	557192	577088	599479	615250	632328	648949	674599	699759	724196	745811	771080
540248	557276	577576	599581	615652	632354	649403	674643	700167	724257	745927	771719
540381	557364	577883	599765	615890	633058	649559	675449	702192	724417	746229	772681
540653	557467	578094	599789	616600	633208	649644	675539	702621	725089	747084	773006
540779	557767	578475	600056	616915	633322	650416	676050	702907	725445	747545	773501
540993	557951	578842	600154	617472	633648	650423	676143	703313	725998	747941	773900
542018	558537	579230	600882	618781	634113	650660	676202	703516	726034	748033	773913
542405	558557	579624	601395	618800	634275	650865	677039	704012	726746	748422	774049
542562	559243	579985	601731	618845	634277	652224	677490	704488	727223	748571	774315
542797	559443	581571	602101	619003	635224	652621	677994	704636	727277	748941	774736
542928	559828	581814	602138	619046	635670	653715	678143	705099	727451	749681	774855
543265	560169	582408	602416	620287	635940	653974	678342	705198	727896	750495	775872
543423	560339	582982	602583	620951	636015	654537	679333	705224	727931	752398	776073
543563	560544	583088	602727	620998	636077	654854	679471	705664	727934	753095	777112
543668	560685	584167	603311	622696	636165	654895	679751	706762	728345	753239	777353
544092	561330	584424	603638	622737	636227	655022	680274	707272	728390	753370	777474
544312	561496	584639	604075	622743	636251	655440	680356	707412	728579	753511	778117
544338	561690	585008	604196	622920	636336	655585	680586	707826	728650	753959	778364
544349	561928	585361	604533	623051	636338	655764	681168	708533	728715	754010	779009
545504	562368	585564	604735	623224	637059	656223	681736	708544	729240	754063	779126
546363	562456	585680	604982	623327	637344	656510	681878	709763	729911	754988	779137
546581	562479	586075	605175	623360	637373	656629	684638	709910	730283	755517	780515
546799	565211	586511	605195	623439	637818	657497	685205	710574	730520	755954	780651
547843	565773	586645	605244	623741	638025	657893	685999	710753	731085	756585	780700
548172	565803	586846	605762	624386	638527	658405	686148	711155	731582	756625	781567
548198	566469	586859	606037	624484	639144	658565	686319	711763	731701	757467	781605
548315	566593	587087	606365	624497	639262	658599	686623	711862	731706	757898	781977
548561	566850	587152	606857	624975	639403	659480	687073	712938	732482	758143	782107
548776	566982	587195	607078	625490	639937	659854	688786	714010	732927	758241	782405
548911	567622	587578	608149	625542	640074	660478	689201	714176	735222	758680	782894
548924	567823	587623	608259	626178	640804	660618	689746	714822	735811	759102	783082
549784	567887	588499	608280	626761	640916	660857	690260	715228	735824	759590	783474
549941	568688	588562	609314	626842	641794	661509	691234	716517	735841	760312	784783


785464	808520	824624	842962	863304	882958	905114	926382	940958	958944	979706
786733	808815	824890	842996	864170	883194	905428	926668	940989	959803	980158
786920	809521	824909	843496	864216	883568	905878	926785	941099	960290	980264
787424	809683	824919	843667	864431	884423	906105	927132	941511	961291	981640
787705	810516	824992	845089	864521	884592	906714	927275	941532	962324	981765
787832	811721	825708	847086	864759	885167	908421	927291	941693	962326	982400
788207	812090	825949	847471	866035	885687	908523	927404	941882	963032	982583
788336	812735	826507	847723	866197	885745	909011	927476	942369	963532	982628
788625	812969	826583	847976	867108	885819	909104	928626	942485	963574	982772
789431	813174	827114	848139	867292	886300	909152	928788	943174	963994	983434
790076	813294	828176	848221	867358	886444	909847	929116	943510	965282	983771
791526	813337	828177	848517	867598	887418	910441	929183	945138	965427	984116
792043	813423	829122	848821	868372	887482	910446	929207	945801	965981	984271
792135	813479	829553	849085	868521	888358	910579	929237	946327	966127	985022
792256	813818	829700	849138	868575	889264	910617	929962	946361	966725	985648
792950	814065	829857	849170	868630	889282	910843	930209	946555	967107	986236
792974	814592	831285	849184	869632	889910	911120	930548	946556	967482	986771
793403	814682	831350	849197	869685	890206	911607	930755	947543	967522	987163
793793	814754	831656	849198	871550	890648	911973	930938	947569	967666	987695
793808	814774	832606	849221	872058	890731	912486	931079	948620	968482	989763
793809	814895	832886	850305	872270	890938	913273	931586	949074	968741	990243
794130	814945	833087	851772	873040	891255	913353	931872	949560	969347	990406
794523	815147	833145	852406	873264	891880	913400	932645	949832	969493	991386
794811	815955	833337	852438	873529	892523	913443	933192	950353	969800	991683
795103	816463	833589	852480	873621	894371	913522	933789	950533	970481	991967
796383	817251	833719	852651	874176	894423	914163	934039	950536	970978	992512
796954	817263	834346	852832	874336	895427	914221	934080	951015	971118	992611
797501	818404	834406	852833	874902	895480	914790	934454	952247	971602	993701
798446	818954	834419	853811	875602	896016	914870	934642	952445	972104	994188
799744	818958	834856	854222	876370	898307	915334	934643	952607	972333	994852
799870	819353	835104	854828	876581	898445	915822	934753	952823	972680	994860
800636	819877	835478	854931	876652	898811	916540	934783	952880	973077	995538
801207	819976	836213	855351	876876	899095	916912	934984	953047	973533	996280
801727	820281	836225	855793	877221	899400	917971	935257	953636	973610	996312
801895	820923	836689	855898	878400	899902	919429	935489	954191	974135	996765
802562	821070	837475	856083	878507	900552	920187	935711	954410	974310	997902
802681	821271	838184	856186	878562	901646	920468	936465	954464	974758	998201
803439	821881	838933	856510	878907	902144	921603	936558	954470	974921	999017
804553	821955	839403	858105	879291	902277	922773	937071	954792	975192	999098
804738	821988	839823	859506	879331	902291	922909	938545	954798	975739	999262
805197	822401	840052	859764	879434	902544	922949	938584	955121	976444	999488
806282	822920	840256	861103	880258	903057	923028	938810	955568	976779	999500
806466	822924	841045	861449	880465	903239	923160	939471	956140	977000	xxxxxx
806584	823379	841059	861954	881082	903314	923188	939495	956625	977319	xxxxxx
807062	823545	841510	862007	881635	904350	924767	940049	957075	978181	xxxxxx
807362	824045	841559	862611	881933	904370	924832	940115	958101	978302	xxxxxx
808181	824239	842094	862707	882010	904479	925571	940202	958652	978594	xxxxxx
808237	824438	842279	862949	882585	904911	926332	940245	958740	979287	xxxxxx
