                       DRAW OF Rs.200/- PRIZE BOND

		        HELD AT RAWALPINDI
Draw No.98th				

Series:	Common Draw					Date:20/06/2024

----------------------------------------------------------------------------------

First Prize of Rs.750,000/-

605238

----------------------------------------------------------------------------------

Second Prize of Rs.Rs.250,000/- each.


272785	288053	542096	966178	985324

--------------------------------------------------------------------------------------	
										
98TH DRAW OF RS. 200/- DENOMINATION NATIONAL PRIZE BONDS HELD AT RAWALPINDI ON 
20TH JUNE, 2024 (2,394 PRIZES OF RS. 1,250/- EACH)

000025	019296	041085	065200	095830	118151	139329	164056	180702	201720	225038
000512	020315	041830	065309	096395	118168	140155	164097	180814	202382	225217
000526	020564	041901	065772	096683	118262	140570	164644	180893	203005	225934
000848	020879	042857	066808	097248	118733	140669	164679	182017	203283	226370
001240	021155	043185	067033	097318	119049	140869	165098	182040	203849	226565
002612	021655	044086	067928	098269	119275	141048	165250	182572	204742	226701
002847	022273	044923	068188	098347	119543	141129	165360	183999	204877	227114
003292	022576	045938	068732	098682	119634	141719	166104	184028	204995	227138
003836	023267	046516	068921	098820	120398	141996	166172	184156	205388	227988
004186	023290	046643	069262	099396	120601	142021	166455	184873	205419	228139
004325	023519	046933	070017	099783	121032	142178	166526	184988	206114	228839
005116	024174	047033	071268	100081	121715	142330	167627	185102	207006	228983
005235	024209	047103	072396	100114	121910	142503	168580	185294	207153	228996
005491	024402	047632	072784	100613	121915	143098	168795	185503	207918	229181
005551	024518	047764	073069	100930	122136	144090	169262	185864	208174	229209
005659	024593	048032	074253	101329	122395	144572	169410	186493	208965	229343
005800	025164	048114	075514	101605	122508	145129	169792	186770	209288	229981
005851	025958	048211	075551	102261	122797	145170	169868	186778	210336	230267
005878	026256	048372	076054	102326	122809	145208	169954	186804	210459	230328
005923	028076	048802	076343	102439	122881	145467	170043	186950	211066	230418
006233	028275	048936	076707	103055	123009	146415	170525	187400	211152	230696
006332	028504	049022	077032	103156	123119	147348	170593	187415	211443	231028
006449	029094	049960	077546	103649	123223	148169	171106	187450	211865	231130
007565	029467	050573	077733	103958	123277	148532	171228	187573	212593	231734
008006	029669	051311	078937	104734	123838	148648	171669	187713	213955	232396
008633	030068	051615	079625	105004	125326	149466	171746	188359	214638	232565
008685	030175	053485	080259	105086	125329	150019	171783	189061	215084	233100
008706	030437	054370	080326	105380	127669	150134	172201	189329	215342	233527
009139	032556	055153	080420	105651	128048	150864	172324	189396	216294	233680
009277	032720	056455	081504	106015	128155	150921	172573	189702	216661	233692
009288	033231	057032	081967	106771	128649	151056	172783	190174	216685	234173
009358	033529	057148	082070	106838	129029	151508	172784	190556	216954	234265
009652	033530	057358	082114	107376	129169	151534	173183	191149	217103	234428
009727	033592	057516	082177	107936	130045	152318	173699	191348	217217	235143
009851	033659	057575	083342	108401	130439	152404	173914	191801	217356	235720
009887	033694	058033	084108	108676	130608	152547	173941	192872	217417	235848
009892	033721	058648	084325	109049	130767	153722	174152	193174	217805	236508
010317	033871	058678	085600	110286	131244	154794	174438	193782	217976	236840
010356	034041	058852	085652	110313	131270	156354	174809	194157	218785	237249
010553	034139	059161	086543	110743	131305	157441	175235	194882	219228	237537
011834	034674	059283	086546	111454	131321	157496	175301	194931	219340	238867
012112	035321	059614	086793	112565	131486	157649	176121	195390	220249	239096
012678	035803	059811	087058	113114	131576	157815	176395	195632	221292	239555
013077	036872	059927	089196	113134	131941	158214	176646	195737	221313	240119
013393	036983	060004	090260	114090	132087	158832	177284	196037	221535	240220
013496	037033	060882	090714	114472	132765	159519	177669	196326	221682	240556
013836	038064	060937	090919	114911	133037	159592	178004	197372	221931	241973
015141	038107	061207	091504	115564	133647	160216	178136	198360	222151	242808
016369	038515	061451	091948	115687	134417	160633	178271	199022	223066	242932
016512	039137	061639	092820	115863	134881	161131	178292	199346	223091	243264
017950	039229	062184	094103	116155	135169	161631	178312	199535	223139	243309
018283	039264	063403	094152	116276	135648	161759	178781	200188	223263	243852
018625	040014	064677	094473	116446	135872	162259	178865	200732	223331	244660
018778	040066	064944	095130	116623	137500	162460	179781	201075	224467	244995
019068	040146	065021	095278	117639	138930	163220	180400	201248	224476	245322
										
										
245903	264598	284298	307679	328894	351518	375282	402202	422209	446870	472042
246032	265341	285561	307810	329363	351976	375625	402428	423250	447000	472320
246267	265878	285712	308053	330458	352113	375932	402781	424066	447960	472554
246299	266010	286204	308429	330789	352549	375957	403261	425863	448073	472908
246613	266198	286310	309122	330852	352864	376140	403297	426256	449253	474275
247566	266789	286803	309681	331098	353655	376313	403951	426397	449587	474430
248378	266801	286828	309764	331354	354378	377326	404517	426547	449632	475834
248426	266810	287223	310134	331426	355615	377377	405055	427158	449793	478238
248910	266910	287573	310397	331555	356050	377402	405453	428065	450136	478413
249481	267154	288126	310525	331573	356119	378131	405703	428872	450848	478697
250406	267525	288155	310625	332004	356360	378554	406806	428916	451139	478988
250677	267673	288421	310870	332451	356573	378981	407119	429104	451248	479012
250791	267856	289665	310918	332571	357163	379185	407408	429597	451450	479390
250801	268747	290366	311295	332767	357276	379427	407603	429717	452336	479532
251240	268958	290723	311695	333076	357328	380869	408139	430392	452636	480147
251439	269724	290932	311738	333970	357765	381188	408566	430783	452966	480317
251647	270457	291298	312208	334104	357865	381625	409076	431277	452981	480938
252354	270460	291490	312229	335423	358491	381656	409557	431460	453685	481301
252528	270500	291636	312421	335624	358562	382097	409761	433032	453967	481508
252558	270805	292079	312736	336293	358932	382958	410647	433388	454948	482140
252626	270925	292190	313142	336472	359187	383099	410984	433438	454965	482370
253088	271140	292528	313747	336725	359787	383397	411033	433703	456151	483471
253279	271279	292564	313804	338295	360426	384095	412646	433931	456537	483513
253855	271962	292575	314380	338690	360794	384422	413285	433997	457241	483914
254381	272228	292738	314565	339454	360910	384522	413403	434129	457300	484605
254676	272267	293099	315477	339603	360967	384547	413585	434370	457501	484909
255187	272565	293929	315951	339910	360979	385238	413618	434387	457898	485645
255360	272896	294028	315953	340082	360982	385580	413702	435247	458668	487732
255495	273414	294403	316057	340099	361388	385930	414527	435528	458710	488220
255599	273454	294506	316061	340525	361858	386323	414628	437931	459097	488283
255996	273841	295267	316081	340674	361956	386612	415090	438488	459435	488435
256076	274443	295418	316614	341257	363648	386714	415303	438573	459455	488940
256717	274627	296144	316621	341833	363876	387461	415609	438859	460392	488991
256758	274785	296269	316905	341951	364728	388010	415676	438888	460517	489308
257177	275126	296299	317320	343354	365029	390482	415834	439276	461223	489846
257896	276347	296459	317715	343737	365103	390646	416272	439430	461597	490588
257963	276932	297062	317952	343928	365522	390832	416487	439929	461628	490811
258262	277982	297415	317970	345106	365764	391330	416813	441030	461837	491537
259916	278519	298061	318082	345257	365864	392275	417173	441052	462456	491608
260241	278747	300090	318986	345361	367652	392780	417441	441645	464532	491926
260560	279312	300142	320595	345812	367844	392884	418087	442284	465307	492561
260806	279508	300624	320774	346011	367910	393737	418131	442339	465340	492748
261824	279537	300693	323507	346205	368359	394548	418383	442836	465779	493297
261934	279811	302487	323543	346383	368622	394581	419396	442912	465850	493614
262022	280177	303079	323881	347963	370386	395160	419599	443508	466512	493773
262512	280845	303747	323970	348090	370774	395164	420167	444377	467187	494485
262871	282007	304708	324001	348244	370929	395491	420399	444507	467401	495347
263116	282299	305460	324360	349749	372330	395931	420429	444554	468304	495736
263823	282338	305522	324695	349860	373040	397767	420470	444732	468443	495999
263959	282936	305537	325224	350578	373267	398503	421290	445550	469604	496054
264103	282938	305762	327170	350625	373289	398819	421312	445660	470539	496276
264125	283342	305904	327351	350679	373765	399260	421329	445921	470601	496301
264140	283421	306410	328170	351348	373827	399555	421532	446404	471248	496547
264144	283596	306567	328504	351413	374294	399594	421601	446473	471485	496614
264236	283609	307377	328512	351505	375239	401648	422027	446511	471552	496902
										
										
497152	518910	537878	552063	577690	597004	619382	642544	665499	695949	716082
497251	518915	538238	554183	577692	597567	619782	642608	666461	696307	716509
497556	519104	538444	554465	578114	598184	619885	642669	668272	696364	716511
498181	519368	538572	555154	578493	598410	620066	643119	668350	696389	716574
498395	519877	538894	555363	578568	598852	620294	643384	668612	696547	716619
498899	519982	538973	556042	578605	598871	620332	643725	668624	697002	716657
499098	520565	539164	556200	578944	599419	620653	644193	669036	697404	716791
499415	520809	539264	556866	579608	599528	621289	644399	669395	697576	717236
499850	521170	539340	556969	580035	599955	622414	645085	669596	697618	718152
500065	521475	539664	557213	580069	600100	622889	645517	669785	697818	718357
500550	521551	539939	557688	580530	600154	623217	645582	670071	698168	719806
500709	521864	540164	557759	580724	600387	623668	646115	670397	699918	719866
500991	521942	540959	558088	580882	600974	624853	647000	671541	700066	720697
501145	522304	541036	558173	581204	601206	624993	647075	672505	700349	721066
501286	522638	541165	558518	581228	601581	625210	648410	672755	700504	721265
501915	522708	541452	559413	582473	601605	625221	648619	674733	701141	721883
502343	523019	541926	559824	582478	601818	625342	649280	675705	701175	722729
502613	523367	542113	560328	583208	601934	625437	649866	676218	701586	722826
503075	524822	542169	560371	583365	602138	625689	650096	676255	701936	722930
503547	525027	542213	560409	583634	602256	627260	650354	677254	702537	723133
504145	525093	542331	560477	584309	602766	628459	650717	678032	702586	723440
504168	525405	542752	560665	584549	605924	628548	651073	678529	702587	723460
504325	525496	543111	561091	585709	606367	630765	651927	678853	702628	724116
504391	525551	543394	561768	585915	606463	631128	651940	678955	702657	724196
506163	525567	543506	562315	585988	606619	631157	652302	679865	703995	724329
506868	525765	543521	562896	586242	607159	631368	652486	679912	704297	724364
507176	526246	543601	562976	586321	607837	632633	652994	680561	704331	724830
507709	526510	543641	563137	586977	608720	632739	653381	680846	704601	725279
508026	527247	543781	563481	587137	608847	632761	653731	681294	705236	725293
508297	527249	544280	563843	587478	608947	632936	654383	681675	707182	726060
508312	527378	544484	564081	587727	609301	632955	655199	681826	707196	726142
508390	528151	544776	564841	587985	609369	633003	655292	681965	708634	726143
508763	528328	544791	565741	588413	609493	633246	655625	682529	708891	726151
508928	528371	545022	567274	588790	609727	634116	655786	682534	709210	726217
509230	528697	545156	567624	588833	609772	634378	658215	683398	709225	726574
509278	528798	545525	567712	588859	609960	635936	658839	684263	709485	727607
509358	529998	545930	567879	589751	610665	635994	658979	685155	709879	727924
509879	530341	546641	568159	589988	610743	636228	659091	685648	710468	727970
509908	530759	547622	568378	590315	610845	636549	659155	686149	710742	730802
510372	531315	547800	568440	590542	611414	636568	659323	686367	711112	731947
510987	531490	548293	570149	591868	611666	636858	659462	686530	711530	732074
511139	531603	548597	570430	592265	612129	637380	659760	686703	712958	732232
511260	531833	548637	570911	592298	612339	638866	659878	687401	713184	732394
511320	532396	549540	571101	592326	612769	638927	660069	688142	713251	732936
511621	532817	549652	572895	593115	612887	638935	660076	688886	713360	733357
511901	532821	549948	573107	593634	615315	639660	661154	688994	713687	733394
511973	532959	550409	573721	593979	615499	639793	661549	689777	713884	733466
512277	533634	550849	574451	594812	615918	639805	661770	689993	714697	733490
512574	534390	550877	574516	594915	616408	639900	662150	691423	714873	733664
514413	534526	550894	574982	594979	617290	640922	662577	693227	715093	734323
514855	534903	551021	575396	595113	617861	641188	662782	693388	715510	734632
516964	535323	551189	575633	595532	617875	641403	662933	693751	715692	735107
517383	535919	551513	576400	595569	617917	641423	663028	694481	715696	736228
517844	537072	551856	576643	595823	618130	641782	663309	694758	715734	736444
518323	537566	551936	577064	596154	618224	642189	665354	695742	715791	736823
										
										
737410	760748	783658	815924	839405	864203	884297	908142	935500	957348	985392
737765	761248	784134	816323	839537	864646	884308	908586	935695	957701	985570
737932	761339	784397	816905	839773	864718	884428	909299	935776	957914	986956
738065	761840	784732	817178	839865	865076	884848	910085	936168	957983	987454
738516	762054	785973	818260	840516	865113	885457	910546	936480	958391	987922
738730	762086	786621	818967	840858	865877	885515	911298	937074	958472	988402
739064	763189	787613	818989	840998	866159	885718	911695	937510	958735	988429
739197	763717	788115	819061	841035	866578	886348	912018	937930	958836	988638
739505	763927	788297	819405	841687	867014	887785	912839	938010	959196	990495
739802	764617	788471	819818	841735	868077	887966	913183	938542	959618	991715
739963	764774	788911	820169	842956	868480	888136	913461	938940	960452	991732
740033	764863	789542	820356	843439	868596	889183	913532	939246	960799	991822
740051	764991	790763	820659	843504	871525	890260	913754	939264	962443	992686
741612	764996	792125	820898	843595	871929	890610	913856	939589	962725	992687
742036	764997	792357	821248	843945	872206	891096	914227	940319	962743	993088
743202	765297	792998	821489	844327	872280	892291	915227	940929	962903	993102
743223	766335	793410	822007	844412	872492	892417	915245	940943	963972	994086
744510	766878	793778	822060	844449	872645	892930	915248	941153	963981	994173
744652	766910	795425	822526	844510	872871	894694	915870	941818	964509	994251
745194	767020	796092	823079	844511	873913	894835	916123	941868	964546	994395
745798	767313	796372	823597	844818	873991	894977	917230	942176	966788	995696
745854	767836	796812	823931	845665	874026	895059	917407	942484	967526	996389
745869	768773	797067	824002	846318	874736	895407	918491	942543	968384	996628
746062	769154	797301	824151	846714	874796	895588	919688	942929	968480	997248
746819	769534	797433	824809	847066	875084	895718	920081	943366	970130	997679
746830	771432	797820	825469	847170	875260	896057	920978	943973	970659	998210
747172	771574	798018	825555	847534	875390	897034	921122	944508	970981	998561
747346	771610	798516	825879	848084	875485	897471	921659	944644	971756	998720
747618	771757	798882	826234	849363	875684	897841	921752	944887	972175	998924
747926	771932	799726	826296	849629	875930	897847	921829	947120	972423	xxxxxx
748044	772008	799751	826798	852135	876052	898662	922213	947528	972554	xxxxxx
748667	772336	800354	827253	852358	876515	898754	923861	947649	972738	xxxxxx
749075	772798	801323	828209	852607	876840	899341	925017	948217	973276	xxxxxx
749628	772834	802331	828604	853003	877236	899731	925629	948605	973308	xxxxxx
750113	773056	803652	829536	853042	877509	899975	926366	948960	974704	xxxxxx
750320	773704	803745	830166	853051	878516	900062	926646	949312	975132	xxxxxx
752749	774079	804568	830500	853081	878633	900491	927679	949362	975276	xxxxxx
752826	774327	805430	830954	853123	879320	900525	927904	950292	975351	xxxxxx
753406	774574	805512	831003	854058	879704	901039	928777	950339	975381	xxxxxx
753997	775119	805686	831304	854083	879963	901392	929428	950936	976071	xxxxxx
754168	775611	806745	833001	855222	880178	901938	929972	950994	976144	xxxxxx
754533	776039	806780	833336	855275	881074	902031	930510	951300	976598	xxxxxx
755645	776904	807454	833463	855887	881118	902500	930718	952596	976891	xxxxxx
756433	777143	808449	834954	858138	881735	902689	930909	952643	977668	xxxxxx
756908	777323	809076	835180	859014	881930	902953	931211	952741	978103	xxxxxx
756909	778088	812040	836154	859122	882043	903390	931246	954353	978454	xxxxxx
757037	778975	812955	837080	859256	882462	903606	932355	954696	978542	xxxxxx
757571	780906	813132	837270	861085	882568	904178	932624	955541	978620	xxxxxx
757936	781067	813328	837609	861683	882572	904702	932732	955759	980776	xxxxxx
758834	781574	813418	838172	861904	882745	905084	933431	956223	981920	xxxxxx
758977	781610	813543	838193	861954	883009	905345	934666	956416	982148	xxxxxx
759143	781830	814132	838449	862027	883221	906211	934860	956518	982960	xxxxxx
759151	782488	815269	838679	863248	883381	906455	935011	956791	983811	xxxxxx
759944	783140	815443	838691	863430	883410	907035	935099	956958	983915	xxxxxx
759951	783210	815794	839082	864065	883538	907429	935264	957302	983938	xxxxxx
