DRAW RESULT OF Rs.200/- DENOMINATION NATIONAL PRIZE BONDS – 103rd DRAW

First Prize of Rs. 750,000/-(each)

401981

Second Prize of Rs. 250,000/- (each)

043052    529272     612161    825972     896794


Third Prize of Rs. 1250

000331	023366	042847	070043	086451	106725
000565	024223	042978	070622	086622	106990
000640	024341	043442	070711	087467	107281
000691	024593	043484	070914	088867	107406
001045	025505	044847	071370	090703	108309
001292	025985	045936	071611	091032	109371
001691	026385	046110	072311	091531	109913
002072	026594	046112	072381	091711	110715
002262	026935	046115	072536	091903	111010
002263	027040	046161	072867	092152	111540
002432	027340	046998	072921	092714	112059
002766	028230	047206	073134	093049	112104
002782	028897	047747	073188	093417	112168
002852	029041	048091	073251	093800	112293
002921	029245	048993	073591	094023	112427
003150	029592	049007	073676	094437	113201
003993	030548	049335	074404	094582	113304
004425	030584	049505	074770	095302	113589
004582	030924	051076	075610	095822	113742
005325	030945	051893	075904	095908	113813
006326	031902	052491	075915	096408	114525
008732	032476	052989	075985	096493	114999
008743	032723	054147	076036	097695	115004
008951	032819	054335	076258	098467	115521
009297	033386	054758	076301	098592	116925
010056	033748	055218	076655	099022	117057
010271	034214	055252	076706	099174	117273
010459	034581	055398	076912	099947	117462
010502	034928	057541	077452	100199	117489
010673	035392	058363	077507	100287	117548
011015	035804	058643	077595	100559	118890
011079	036807	058902	077746	100562	119749
011490	037097	059364	079713	101125	120222
011578	037616	059369	079943	102029	120496
011703	037824	059445	080031	102367	120954
012183	037858	059607	080074	102500	121071
013714	038023	059793	080338	102641	121337
013933	038948	059797	081432	103210	122750
015062	039041	060455	081494	103767	123086
015236	039115	060461	081650	104089	123360
016170	039120	060965	081919	104092	124273
017030	039127	061050	082341	104195	124588
017433	039202	061121	083195	104719	124616
018383	039642	063504	083442	105049	124691
018538	040415	063571	083445	105074	124710
018549	040621	064601	083570	105315	125039
018562	040649	065392	083793	105467	125075
018725	040872	065761	083923	105789	125285
018789	041098	066943	083945	106003	125481
018998	041248	067167	085095	106026	125530
021065	041642	068633	085436	106236	125805
021163	042338	069791	086339	106661	126577


126873	152136	177349	203776	224220	247366
127200	152191	178184	203948	224329	247698
127990	152524	178389	204029	225548	247911
128617	152685	178728	204598	225836	248201
129923	153098	178927	204697	226041	248297
130541	153163	179441	204708	226321	249318
131246	153458	181136	204725	227224	249700
132696	154676	181259	205018	227294	251435
132803	155582	181971	205633	227524	252101
133255	156407	182057	205730	227544	252251
134300	156678	182266	206023	227701	252336
134616	157101	182963	206560	227730	253249
135004	157192	182986	206762	227899	253849
135623	158077	185691	206889	228742	254110
135763	158259	186213	207177	228990	254233
135801	158359	187243	207355	229159	254835
136328	158898	188236	207605	229224	256503
136376	158948	188569	208382	229770	257393
137200	158986	188948	208822	229793	258014
137392	159303	189027	208885	229820	258685
138314	160014	189569	209247	230059	259227
138903	160043	189602	209408	230127	259269
139901	160318	191460	210220	230311	259626
140527	161571	191500	210269	231080	260848
140752	161809	191604	211359	232016	262371
140808	161999	191960	212010	233336	262774
141078	162257	192440	212095	234063	263039
141407	162592	193366	212486	234556	263244
141540	163168	193476	212628	234566	267043
141584	163624	193684	212927	235436	267141
141661	165000	193798	212956	235695	267699
142201	165191	193830	214216	236030	267754
142369	165635	194038	214902	236446	268402
142540	165734	194102	215021	238903	268839
142780	166969	194761	215070	239053	268953
143455	168418	195679	215216	239525	268996
143807	168527	195888	217255	240372	269261
144490	169194	196363	218776	240522	269322
145379	169358	196944	219431	240844	269483
145809	169581	197491	220236	241360	269811
146471	169809	197889	220290	241391	270470
146511	171146	197925	220611	241447	270516
146977	172021	198440	220704	241767	270669
147269	172183	198825	220781	242314	270675
147487	172205	199128	220861	243622	271283
148358	172976	199744	221111	243651	271432
148501	173838	199905	221321	244177	271934
149333	173941	200178	221829	244664	272029
149913	174324	200751	221954	245065	272392
151404	174979	202117	222575	245698	272407
151640	176219	202718	222810	246026	272686
152095	177216	202779	223086	246892	273223


273722	297345	319081	341633	366999	390283
273926	297745	319408	341689	368406	390441
274149	298260	320580	342043	368689	391048
274287	298546	320758	342073	368870	391252
274658	298728	321107	342277	368922	391441
276055	299145	321186	342918	369012	391491
276500	300638	321222	343799	369383	391663
276591	300691	321273	343817	369540	391808
276961	300974	321405	344060	369558	392235
277067	301123	322962	344111	370125	393029
277188	301255	323630	344463	370222	395395
278335	301831	323769	344592	370268	396483
278568	302660	323798	346509	371227	396520
279524	303825	324361	347482	371730	396854
280005	303987	324511	347897	371960	397733
280909	304069	325788	348364	372063	397793
281137	304302	325823	348912	372524	397810
281250	304571	326120	350441	373895	397814
281255	304775	327203	350716	373947	398000
283255	305055	327388	350736	374647	398309
284549	305994	327486	350960	375291	398498
284632	306238	328228	351274	376033	399097
284708	306422	328299	351512	376249	399155
284916	306523	329780	352232	376511	399319
284963	307037	330245	352397	376645	399342
285072	307405	331118	352601	376901	399465
285099	307492	332192	353001	376903	399507
285980	307730	332667	353628	377327	399526
286079	308767	332757	353752	378294	399812
286215	308952	332841	355131	379192	400149
286536	309057	333201	355647	379495	400637
287425	309569	333222	355990	379606	400671
288079	309608	333870	357087	379668	400774
288104	309659	334053	357176	380441	401309
288304	309815	334287	357244	381268	402056
288938	310541	334293	357297	381584	402476
289156	310548	334561	357438	381586	402516
289993	311142	335473	357540	382145	402976
290314	311535	335508	357960	382797	404108
291917	311653	335760	358523	383299	404132
292020	311889	336059	359632	384330	404236
292328	311993	336129	359856	384754	405050
292633	312061	336236	360488	386190	405520
293240	312480	336674	360740	386743	406010
293408	312936	336908	360865	387278	406245
293612	313792	337105	360969	388443	406520
293820	314046	339330	361621	389263	406605
293822	314676	340143	362202	389326	407191
294455	316547	340276	362413	389481	407893
294526	316808	341047	363716	389769	408410
295893	317923	341108	365924	389809	408556
295933	318263	341219	366570	389870	409594


409878	428341	452331	469198	494432	514851
410008	429381	453015	469488	494491	515343
410393	430429	453546	469598	494544	515350
410402	430620	453792	469941	494837	515666
410967	430742	454089	470525	495202	515696
411642	430870	454449	470865	495818	516100
411782	431052	454531	470936	495848	516438
411960	431054	454769	471093	496110	516605
412004	431118	454780	471216	496415	517779
412102	431723	455487	471467	496520	517863
412691	432047	455658	471499	496605	518545
412919	432448	457924	471793	497019	518698
412933	432844	458195	471914	497965	519092
413085	434211	458261	472063	498412	519607
413150	434260	458361	472589	498628	519696
413348	434401	458401	472717	499016	519949
413836	434880	458993	473326	499098	520939
414221	435293	459643	473435	499517	521018
414542	435901	460865	473711	500134	521215
414642	436438	461049	474060	502276	522086
415002	436864	461335	474712	502863	522219
415120	438117	461474	474789	503228	523001
415842	438166	461709	474991	503378	523376
415855	439172	461780	475080	504037	524148
416001	439583	461820	476305	504260	524735
416011	439651	462119	477412	504454	524876
416612	440034	464306	478506	504602	525338
417332	440991	464506	478547	504637	526122
417397	441689	464575	478552	504972	526996
417418	441730	464676	478712	505090	527097
417796	441955	464949	479964	505132	527320
418102	442101	465075	480829	505470	527324
419878	442980	465107	480960	505586	527348
419902	443395	465227	481146	506847	527397
420270	443550	465595	481256	506876	527751
420304	445070	465624	481999	507191	527777
420359	445409	465825	482382	507403	528429
420427	445769	465918	482569	507892	528682
420429	446274	465978	483423	508181	529289
420767	446752	466010	483624	509036	529462
420790	447125	466184	485851	509366	529737
422202	447751	466494	486277	509581	529856
422208	448093	466650	487030	510149	529873
422878	449288	467462	487874	510441	529916
423834	449723	467653	488345	510503	530504
424340	449734	467702	488907	510634	530548
424739	449862	467747	489110	510762	530628
425030	450478	467851	491707	511946	531621
425293	450778	468211	492388	512684	531791
427203	451206	468792	493129	513305	532405
428007	451216	468842	493354	513913	532510
428028	452009	468949	493793	514023	532625


532863	551028	571490	591022	613952	634390
532968	551074	572460	591416	614702	634518
533146	551100	572621	591483	614706	634549
533264	551226	573415	592465	615528	635510
533357	551581	573678	593713	615595	635757
533404	552179	573852	593804	615670	636214
533465	552380	574444	594342	615852	636790
533620	552561	574591	594737	617487	636864
534804	552710	574669	594863	617489	636877
535523	553169	574895	596122	617524	637289
536438	554347	574993	596446	617672	638088
536500	555092	575244	596482	617759	638565
539027	555596	575440	597475	617843	638693
539167	556467	575964	597693	618144	639738
539269	558109	576122	597992	618946	640034
539270	558373	576159	598071	619252	640675
539520	558497	577161	598366	619300	640943
539621	559290	577406	598936	619560	641361
539929	559427	577484	599030	619914	641362
540188	559567	577539	599600	620778	641808
540951	560003	577581	601079	621015	641847
541266	560173	578350	602001	621019	642372
541427	560282	578565	602141	622032	644429
541465	560611	578623	602911	622406	644587
541966	560640	578657	603449	622462	644746
542112	560758	579077	603798	622946	645326
542177	560869	579383	603833	623422	645600
542359	561604	579402	604032	624340	646299
543358	561810	579513	604057	624612	647177
543538	561941	579827	604242	625114	648717
543808	561946	580313	604315	625311	649074
543851	563130	580873	604468	625520	649385
543994	563643	581288	606022	625629	649409
544152	563745	582181	606305	626433	651209
544669	563966	582787	606724	626926	651313
545109	564202	583079	607220	627773	651615
545748	564369	583150	607519	630134	652491
545993	564424	583660	607679	630303	652836
546557	565022	583764	608854	630589	654112
547397	565173	583864	608964	631378	654900
547403	565994	585268	609182	631399	655580
548362	566238	585296	609207	631628	655700
548647	566289	585898	609304	632353	656527
549015	566430	586122	611046	632925	658443
549122	568730	587863	611488	633230	659207
549385	568951	589127	611518	633385	660340
549529	570170	589302	611543	633420	660344
549663	570336	589589	611556	633423	660730
550628	570399	590143	611588	633520	662913
550646	570939	590365	611732	634049	662949
550768	571211	590617	612964	634083	663336


664027	684260	704687	724360	747387	772562
664261	684425	704754	724391	747456	772662
664318	684684	704837	725605	748141	773881
664602	684949	705094	726169	749361	775464
664642	685726	705638	726545	749537	776361
664699	686063	705692	727267	750037	776701
665517	686104	706106	727437	751139	776745
665739	686156	706588	727699	751494	777147
666726	686726	707046	728002	752080	777168
666775	687147	707438	728896	752251	777322
669258	687243	707599	729023	752286	777716
669577	687373	707994	729234	752531	778325
669633	688345	708716	729252	752636	778585
670324	689527	709042	729342	753023	778835
670376	689729	709073	729589	753408	780066
671448	690148	709377	729996	754142	780460
673013	690298	709772	730435	754153	780478
673401	690994	709845	731153	754983	780529
673417	691043	709876	731369	755430	780839
673534	691048	710388	731444	755829	780960
673673	691164	710752	731916	756768	781922
673717	691524	710753	732101	757525	782024
673760	692298	711698	732893	757603	782421
674166	693705	712941	733909	757717	782530
674246	693865	713064	734631	757730	783230
674753	694373	713756	735581	758452	783242
675070	694494	714136	735876	759064	784130
675356	696097	714863	736061	759140	784156
675548	697204	715246	736268	759228	784163
675657	697517	715419	736411	759715	784293
676430	697701	715650	736811	760787	784914
676952	698490	715724	737083	761480	785200
677101	698693	716021	737118	761629	785374
677444	699725	716679	737152	761972	785392
677543	700301	716986	739332	762023	785747
678494	700699	717067	739372	762292	785970
678528	700907	717981	739569	762350	786507
678597	701031	717997	739735	762834	786906
678709	701194	718291	739765	763845	787545
679055	701229	718328	739782	764505	788899
679184	701892	718729	739972	765774	789061
679528	701987	719132	740100	766108	789791
679997	702229	719732	741181	766401	790035
680648	702425	720049	741261	767119	790252
681069	702640	720128	741765	767543	790611
681285	702833	720586	742191	768691	791280
681368	703249	721947	743342	769431	791779
681450	703362	721973	743424	769865	792421
682723	703924	722243	743555	769969	793210
683631	704108	722605	745244	770844	793380
684140	704242	724087	746741	770897	793982


794215	810210	831003	849870	866953	884726
795092	810544	831158	849959	866989	885077
795240	810562	831718	850077	868251	885774
795593	810677	832140	850141	868873	887063
795679	810979	832403	850587	869192	887075
796469	812056	832875	850962	869870	888269
797094	812117	832953	851438	870615	888927
797098	812258	833045	851574	870696	889104
797146	812422	833229	851833	871554	889359
797648	812430	834005	851900	871847	890367
798089	812980	834104	852039	872245	890805
798168	813025	834152	852406	872289	891148
798212	813345	834196	853666	872491	891192
798788	814305	834794	854262	872669	891491
798988	815302	835586	854322	872730	892033
799065	816105	836323	854460	872834	892328
799221	816397	837275	855658	874504	892576
799415	816600	837504	856278	874646	892984
799651	816941	837544	856293	874703	893121
799806	817135	837968	857498	874823	894598
799939	817188	838610	857655	874994	894672
800018	817244	838616	858793	875355	894796
800223	817710	838619	858992	875808	894987
801277	818382	838659	859266	877427	896026
801599	818406	838962	859839	877533	896184
801845	819171	840107	860127	877764	896253
801949	819276	840228	860145	877864	896533
802099	820004	840693	860759	877870	896578
802148	820076	840767	860900	877992	896819
802206	820835	840851	860906	878060	897086
802867	821620	840919	861110	878128	897751
802884	821802	841320	861178	879586	897870
803533	821966	841360	861392	879606	898071
803859	823196	841697	861626	879748	898126
803863	823848	842032	861849	879764	899573
803999	824126	842148	861992	879908	899633
804784	824260	842799	861999	880374	900326
804902	824980	844270	862689	880640	900942
805020	825006	844566	863553	880674	901273
805220	825104	846176	863598	880964	902687
806126	825294	846500	864083	881677	902770
807100	825550	846637	864568	881716	903703
807440	825624	846994	864858	882322	903995
807524	825895	847080	865098	882400	905507
807668	825899	847207	865192	882634	905657
808375	828086	847328	865692	882984	905870
808777	828334	847482	865827	883217	906285
808842	828585	847784	866142	883305	906703
808888	830189	849201	866463	883447	907372
808908	830270	849535	866604	883689	907634
809204	830948	849620	866613	884704	908536


908537	926728	952908	971810	993386
908793	927095	954067	972082	993921
908990	927548	954561	972343	995005
909710	927572	954625	972645	995122
909905	930044	954713	972945	995280
909972	930396	955145	973673	995409
910210	931565	955266	975191	995421
910376	932227	956079	975586	995530
910473	932986	956234	975624	995753
911118	933047	956657	976332	995916
911562	933581	957071	976619	996154
912183	933656	957362	976902	996543
912227	934003	958236	977097	996784
912248	934545	958744	977184	997987
912336	935257	958940	977317	998095
912514	935455	959124	978360	998262
912885	936124	959327	978506	998563
913126	936265	959558	979109	998658
913553	936525	959988	980091	998835
914163	936916	960043	980235	998846
914281	937037	960090	980401	998882
914325	937965	961569	980671	999186
914348	937988	961580	981113	999240
914754	938106	962057	981254	999341
915964	938312	962067	981979	xxxxxx
915983	939868	962902	982745	xxxxxx
916095	939912	964203	983066	xxxxxx
916597	940146	964395	983097	xxxxxx
916615	940302	964845	984652	xxxxxx
916673	941158	965275	985137	xxxxxx
917808	941198	965417	986238	xxxxxx
917969	941382	965531	986471	xxxxxx
918753	941552	966169	986597	xxxxxx
919209	943550	966204	986706	xxxxxx
920046	944232	966537	987174	xxxxxx
920326	945366	967075	987232	xxxxxx
920787	946341	967385	987288	xxxxxx
921911	947055	967634	987458	xxxxxx
922027	947369	967636	988023	xxxxxx
922188	947387	968448	989454	xxxxxx
922466	947801	968683	989570	xxxxxx
922706	948092	968998	989643	xxxxxx
922864	948439	969142	990291	xxxxxx
923077	948944	969537	990679	xxxxxx
924086	949052	969648	990820	xxxxxx
924374	949198	969728	991856	xxxxxx
924683	949227	970253	991892	xxxxxx
924897	949501	970704	992099	xxxxxx
926423	949669	970732	992365	xxxxxx
926455	950993	970906	992921	xxxxxx
926657	952267	971253	992990	xxxxxx
