Draw Result of Prize Bond Rs 200 Denomination 101st Draw

First Prize of Rs. 750,000

597355

Second Prize of Rs. 250,000

174102     433277     678705     692458     839404


Third Prize of Rs 1,250


001075	027951	055553	079885	102069	134333	157137	177313	204251	234467	256825
001087	028106	056400	080077	102095	135974	157642	177721	204328	234488	257358
001341	028679	056532	080360	102138	135989	158347	178104	204903	234986	258805
002425	029057	057179	080726	102799	136308	158459	178214	205954	235153	258984
003025	029138	057240	080849	103261	136714	158680	178354	206725	235303	259739
003328	029343	057495	080988	105271	137264	159370	178435	207043	235486	259909
004243	030040	057862	081141	105867	137445	159515	178698	207860	235936	260788
005115	030700	058223	081142	106540	137609	159797	179289	208275	236188	261267
006867	031172	058283	081752	106651	138969	159841	179561	208763	236930	262367
006868	031211	058321	082762	107096	139351	160031	180183	209123	237103	262460
007269	031707	058634	083111	107237	140306	160283	180903	209161	238490	262936
008297	031713	059493	083944	108259	140717	160344	182168	209307	238981	266053
008348	031908	059552	084294	109734	141610	160450	182667	209906	239821	266227
010175	032044	059691	084353	110987	141645	160698	182866	210499	240588	266421
010376	032772	059856	084376	111256	141907	161013	183157	210546	241216	266479
010575	032899	060129	084424	111590	142131	161038	184574	211229	241235	267220
010734	033582	060400	084602	112345	142394	161183	184754	211778	241438	267309
011159	033907	060986	084682	112498	142804	161349	185306	211999	241897	267853
011276	033941	060996	085026	113057	143118	161752	185485	213160	241946	267932
011514	033968	061541	085712	113109	143709	163190	185673	213405	242469	268011
011653	034201	062220	085728	113363	143871	163202	185737	213446	242554	268029
011835	034604	062331	086701	113706	143918	163214	185997	213580	243230	269674
011891	035171	065243	087047	114086	144484	163270	186123	213975	243465	270305
011955	036117	065452	087625	114834	145125	163747	186163	216207	243679	270693
012380	036155	065513	087978	116249	145281	163833	186467	217397	244202	270855
013332	036403	065887	088082	117624	145390	164625	188377	217424	244574	272063
013639	036935	066117	088095	117890	145397	164667	188532	217427	245039	272494
014619	037241	066345	088550	118754	145651	165061	188633	217563	245047	272701
015166	037242	066644	089567	119249	146048	165138	190194	217885	245055	273523
015386	037620	066917	090640	119273	146193	165331	190542	217987	245274	273982
015659	039057	067015	091204	119460	146390	165532	190580	218753	245541	274269
016331	039481	067313	091355	120401	146621	167441	190700	219849	245864	274373
017290	040186	067546	091860	120968	146716	167703	191123	221385	245941	274659
017828	040648	068511	092299	121365	146883	168416	192474	222428	246599	274662
017896	041133	068689	092918	121856	146884	168511	192824	222691	246896	275983
018914	041417	069572	093501	122524	147059	168680	193188	224300	246958	276525
019029	042018	069906	093632	122931	147153	168934	193374	225775	248227	276680
019269	042196	069912	093641	123028	147487	169590	193433	225839	249102	276728
019294	042713	071707	094007	123823	148187	169833	193924	226445	249149	276789
019382	042939	072541	094816	124440	148227	170323	194538	226821	249515	276880
020115	043254	073115	095018	124768	148290	170964	195278	226982	249816	277244
020454	043342	073533	095710	126033	148695	171252	195305	228893	251469	277492
021423	044862	074072	096897	126034	150513	171530	195991	229162	251658	277999
021951	045242	074250	096990	126938	151372	171846	196413	229216	252325	278132
023140	045650	074554	097633	127591	151537	172014	196641	229437	252513	278376
023466	045926	074935	098661	127741	152892	172025	196869	230416	253168	278471
023658	046364	075087	098804	128076	152973	173541	197660	230921	253636	278478
023741	047715	075723	098914	128206	153267	173654	198308	231286	254097	278496
024955	049308	076175	099542	128222	153429	173747	198880	231683	254353	278614
024988	050331	076609	099743	128582	153853	173999	199738	231798	255066	279192
025417	050693	077836	100313	129015	154747	174182	199835	231974	255292	279353
025556	051318	078263	100767	129399	154959	175206	200206	232083	255347	281229
025819	053018	078743	101439	130481	155469	175290	200913	232354	255377	281249
027181	053749	078885	101541	131170	155814	176205	201773	233233	255538	281475
027925	053959	079287	101779	131841	156163	176487	201904	234102	256139	281508
027939	053971	079337	101939	133151	156633	176760	202796	234185	256676	282006



283309	303366	322526	347469	375083	393183	416309	443185	464677	485894	508629
283424	303588	322789	347627	375320	393547	416547	443355	465635	485991	508827
283486	303908	322937	347775	375351	393635	417212	444422	465655	486553	509358
284011	303924	323085	347820	376037	393850	417248	445211	466208	486697	510929
284120	304839	323552	348298	376380	393881	419298	445366	466220	486958	511542
284300	304843	323774	348591	376938	394511	420331	445921	467002	487241	512236
284455	304961	324375	348717	377147	395038	421335	446205	467165	487353	512276
284472	305133	324425	348747	377694	396641	421846	447143	467293	487628	513033
284535	306232	324808	349340	377837	396890	422247	447181	467402	488098	513281
284992	306296	325251	350254	378038	396918	422437	447495	467638	488253	513717
285155	306589	326483	350764	378240	396948	422527	447860	468201	488552	514714
285282	306988	326867	350870	378265	396962	422949	449309	468392	489406	515131
285711	306991	327154	351639	378431	397719	423196	449562	468572	489595	515410
286117	308135	327178	352267	378556	399417	424965	449737	469221	489630	515672
286322	308313	327475	352855	378594	399660	425255	449844	470878	489971	515749
286641	308370	328617	353007	378849	400254	426359	450584	471054	490104	516063
287027	308473	328738	353529	379359	400274	426543	450740	471790	490170	516510
287091	308684	330679	353685	379488	400520	426658	450854	472654	490536	517080
287227	308833	330723	353740	381229	401540	427193	451472	472945	490713	518411
288329	308860	331121	354562	381436	401658	427490	451515	472947	490818	518554
288357	309127	333048	354597	381592	402243	428215	451781	473160	490947	518628
289773	309559	333102	354933	382249	402352	428924	451905	474054	491067	519539
289805	309697	334166	355306	382345	402680	429051	451978	474714	491537	519844
290228	309700	334386	355387	382666	402923	429871	451987	475345	492465	520255
291579	309802	334604	355428	382671	403014	430291	453331	475916	493053	520506
291603	309901	335253	355615	383058	403159	431075	453858	476053	493163	521802
292089	310282	335261	355871	383064	403239	431864	454224	476252	493402	522134
292792	310466	336047	357161	383579	403305	431905	454565	476563	495166	522192
292806	310558	336938	357701	384012	403423	432383	455181	476646	495226	523796
293169	310877	337315	357757	384042	403909	432693	455485	477343	496006	524386
293374	311031	337616	358766	384165	404040	433408	455993	477460	496143	524431
293483	311173	338219	359135	384240	404661	433454	456377	477531	496420	524587
293916	312148	339755	359587	384390	404803	433725	457020	478323	496816	525282
294730	312297	339921	359597	384400	405550	434891	457325	478495	496948	525632
295258	312551	340153	359686	384541	406212	434965	457555	478603	497742	525906
295360	312628	340611	360309	385365	406654	435126	457788	478980	497764	526125
295472	313767	341030	360421	385623	407151	436090	457978	479186	498157	526447
296034	314771	341401	360639	386068	408146	436394	458238	479831	498438	526626
296170	315972	341551	361374	386331	408356	436784	458663	481298	498514	526999
296505	316861	341728	363116	386449	408368	437340	458670	481941	498745	527002
296509	317788	342124	363484	386489	408830	438729	458747	481959	500477	527154
296534	318000	342387	363592	387076	409121	439402	459558	481993	500938	528028
296698	318097	342711	363932	387218	409489	439674	459753	482152	501245	528078
296727	318181	342864	364373	388228	409552	439764	459856	483540	501578	528125
296928	318705	342950	364704	388232	409866	439815	460106	483606	502027	528246
297427	319313	343389	365221	388637	411666	440230	460790	483933	502149	528365
297542	319411	343917	365756	388898	412071	440505	461121	484222	503099	528778
298262	319957	343944	366888	390547	412400	440589	461220	484249	503333	529015
298813	320445	344266	367459	391338	412819	440809	462324	484503	503967	531203
299118	320661	344635	369042	391403	413356	440906	462394	484737	504030	532196
300923	320813	344718	369316	391643	414157	440923	462720	485109	504079	532273
301023	321500	345253	370132	391669	414454	441305	462766	485245	504962	532303
301954	321674	345539	371250	391961	415066	441571	463789	485346	505648	532600
302923	321983	345718	371591	392191	415433	441901	463924	485398	505885	532702
303108	322229	345893	371915	392262	415521	442903	464358	485655	508012	533207
303195	322381	347169	373260	392546	415887	443102	464386	485772	508227	533438


534134	557282	579316	601955	626459	646845	665927	685016	705663	729237	752860
534445	557700	579804	603562	626559	647256	665957	685038	706284	730132	753109
534550	557862	579834	603729	626828	647309	667181	686939	706460	730152	753353
535766	558305	579878	604087	627159	647525	667217	687246	707313	730280	753356
535837	558696	580301	604120	627317	647959	667512	687698	707364	730433	753490
537000	558806	580428	604605	627388	647983	667813	688246	707430	730533	754538
537222	558903	580478	605249	627681	648487	668331	688349	707456	731096	754914
537942	559077	581092	605293	627870	650348	668372	688640	707746	732339	754956
538354	559972	582252	605872	627887	651260	668942	689333	708040	732900	755689
538926	560005	582863	605960	627988	651372	669025	689353	708602	733530	755897
538960	560204	583335	606019	628209	651392	669039	689786	710421	733867	756273
539082	560253	583729	607099	628765	652071	671031	690174	711700	733978	757239
539632	560308	584750	607772	628892	652357	671464	690263	712022	734162	757863
540025	560894	585509	607987	629824	652484	671688	690597	712102	734467	758121
540133	561242	586103	608190	630937	652608	672042	691655	712166	734737	758928
540667	561776	587619	608193	631085	652680	672863	691832	712181	734958	760346
540928	562106	587647	608429	631673	652756	672896	692954	712437	735039	760347
541072	562345	588130	609362	631709	652853	673352	693110	712458	735078	760495
541265	562543	588881	610272	631986	652881	673813	693340	713475	735546	760966
541952	563025	588894	610484	632120	652892	674481	693626	713955	735806	761532
543219	563053	589357	611461	632370	653580	674674	693668	715091	736174	761581
543284	564672	590384	612659	633932	654576	674761	693737	715553	736361	761966
543319	564836	590500	613276	633972	654729	674803	693810	716778	736679	762321
543484	565246	590948	613513	634584	655029	675023	693992	717353	737160	762535
544241	566241	591050	613744	635102	655082	675266	694242	717561	737319	762967
544656	566242	591209	614289	635156	655243	675581	694385	717603	737866	763109
545014	567220	591416	615887	635275	655718	676044	694790	717785	738260	763452
546105	567901	591647	616009	636821	655848	676610	695139	717970	738786	763685
546682	568324	592053	616893	637032	655937	678233	695850	718115	739365	764078
546889	568918	593276	616899	637686	656852	678379	696039	718278	739987	764087
547294	568944	593355	616924	637744	657128	678386	696438	718406	740162	765188
547890	569708	593588	617472	638207	657232	678411	696505	718658	740756	766026
548557	570545	593826	617689	638300	658762	678631	696824	719043	741372	766047
548791	570609	593850	617974	638855	658860	678731	697713	719551	741541	766100
548837	572601	593990	618532	638974	658894	678905	698401	720391	741618	766552
549232	572911	594249	619256	639063	658937	679120	698461	720424	742064	767202
550287	572987	595015	619940	639434	659935	679331	698509	720552	742394	767982
551150	573313	595208	620690	639580	659948	679808	698756	720561	742667	768253
551186	573400	595209	620694	639764	660466	679996	699299	720950	743583	768259
551498	573483	595419	620829	640042	660996	680051	699500	721308	743676	768339
552254	573712	595657	620932	641965	661163	680188	699954	722473	743936	768575
552339	573928	595956	620988	642023	661350	680611	700724	722482	745678	768893
552763	574184	596128	621415	642206	661981	680690	700901	722658	745790	769076
552908	574634	596941	621631	642647	662287	680967	700944	722787	746016	769397
553168	574881	597601	621996	642896	662353	680998	701542	722923	746056	769520
553345	575055	597813	622256	643125	662490	681648	702101	722924	747035	769531
553431	575356	597954	622851	643955	662730	681654	702304	723411	748059	769959
553548	576192	598475	623713	644065	662984	682517	702729	724165	748580	770545
554849	576693	598804	623808	644138	663001	682852	702827	724330	748672	770654
555580	576729	598991	623988	644599	663077	683022	703053	724505	748925	770657
555693	576956	599138	625048	644828	663425	683567	703890	725249	749143	771565
556017	577252	599877	625052	644990	664102	683629	703956	725386	749334	772167
556192	578214	599981	625071	645187	664167	683985	703990	725713	749495	772206
556697	578279	600101	625820	645769	664184	684013	704104	726131	749547	772867
556907	578466	601806	625946	646662	664287	684234	704327	727591	750139	773269
557181	578851	601893	626046	646743	665486	684327	704543	727838	750905	773307


773978	793250	820682	840014	862432	891166	914697	935333	957404	983462
773985	793274	821063	840196	862619	891386	915014	935969	957579	983598
774034	793547	821801	840566	862710	891586	915062	936178	958289	983787
774948	793678	822175	840589	863054	892804	915654	936264	958327	984957
775558	793906	822471	840700	863314	893007	915803	937326	958386	985903
776252	795245	822889	841039	863527	893859	915874	937626	958722	987004
776570	795603	822988	842520	864738	893926	917880	937872	959038	987650
776783	795738	823125	842703	865140	894704	918002	938837	959947	987781
777351	795998	823177	843526	867331	895438	918045	938875	960321	987820
777468	796313	823195	843744	867583	895469	918229	939370	961108	987826
777651	796741	823589	844508	867642	895558	918496	939452	961274	988020
777860	796919	824172	845009	868686	896572	919090	939885	961467	988139
777976	797193	824319	845377	869439	897314	919239	940292	961553	989003
779126	797989	824462	846048	870137	897953	919252	940784	963013	989417
779254	798166	824715	846185	870187	898254	919628	940920	963053	989566
779286	798585	825008	846287	870609	899215	919859	941006	963790	989817
779784	798681	825236	846429	871018	899628	919953	941597	964168	989822
780249	799397	825306	847018	871543	899790	920048	942463	964756	990416
780468	800929	825316	848207	871778	900225	920070	942611	965391	990536
780863	801398	825935	848451	873509	900824	920256	943913	965436	991527
781251	801764	826000	848724	874320	901310	920600	944298	965860	991558
781553	801873	826183	849208	874533	901445	921187	944308	966640	991792
782233	803132	826397	849310	875372	901541	921212	945621	966865	992554
782297	803243	826641	849714	877323	902633	921995	946216	967492	993057
782979	803596	826704	850147	877372	903482	922033	946711	967589	994119
783045	803925	827047	850618	877704	903990	922134	946815	968193	994192
783207	804021	827629	850710	878042	904054	922157	947154	968229	994776
783409	804351	827745	850767	878270	904915	922882	947815	968893	995161
783495	804527	828171	850827	878292	905103	924059	948102	969102	995509
784065	804870	828741	851256	878335	905577	924249	949038	970302	995903
784214	808484	829287	851322	878564	905629	924545	949684	971028	995948
784622	809435	829356	851421	878797	905865	925496	950055	971302	996373
785753	809916	830858	851653	879540	906171	925697	950669	972201	996492
785959	810220	831170	852902	879759	906399	926491	950938	972212	996606
786218	811418	831200	853177	881006	906972	926576	951105	972900	997422
786789	811433	831987	853345	881311	907223	927374	951256	974017	997912
787321	811457	832174	854324	881493	907291	927598	951429	974352	998310
788065	812297	832420	854990	881752	907396	927706	951516	975319	998783
788383	812845	832820	855026	882147	908679	927964	951785	975885	999229
789367	813356	832924	855587	882931	909196	927971	951860	976313	999757
789978	813619	832955	855599	883173	910055	928008	952404	977409	999983
790324	813955	833807	856185	883399	910141	928165	952560	978214	999991
790415	814548	835946	857939	883975	910232	928310	953258	978263	xxxxxx
790994	814835	836102	858060	884856	910712	928410	953438	978512	xxxxxx
791488	815544	836227	858087	885225	910827	928419	953685	978885	xxxxxx
791733	815884	836873	858279	885536	910896	928543	953855	978925	xxxxxx
791832	816216	837077	858546	885958	911166	928680	954070	979201	xxxxxx
791882	816295	837205	858602	886248	912230	929289	954220	979269	xxxxxx
791888	816544	837409	858929	887232	912626	929959	954480	981257	xxxxxx
791891	817737	837631	859056	887800	913272	930503	954709	981270	xxxxxx
791991	818302	838482	859216	887978	913533	930693	955991	981609	xxxxxx
791993	818357	838529	859680	888209	913864	930872	956196	981871	xxxxxx
792207	819129	838837	859940	889433	913975	931939	956483	981874	xxxxxx
792431	819255	839094	860791	890126	914121	932154	956498	982047	xxxxxx
792749	819584	839496	861466	890229	914276	932842	956542	982372	xxxxxx
792828	819909	839881	861539	890758	914582	934931	957134	982563	xxxxxx


