Draw Result of Rs. 200/- Denomination National Prize bond 102 Draw

First Prize of Rs. 750,000 each

774331

Second Prize of Rs. 250,000 each

097127    265610    464840    976082   978550


Third prize of Rs. 1250 each

000341	017977	039295	057427	075479	094073
000696	018181	040165	057632	076729	094324
000871	018265	040287	058195	077302	096746
001062	018743	040740	058305	078665	097743
001157	019580	041498	059085	079503	098503
001271	020241	042231	059911	079844	098627
001906	020386	042377	060209	079903	098798
002258	020869	042399	060259	080184	099577
002357	020981	042675	060776	080250	101071
002631	021076	043917	061187	080359	101571
003091	021090	044425	061624	080911	101814
003116	021420	045116	061871	081009	102347
003186	022047	045306	061996	081120	103253
003459	022069	045633	062221	081121	103483
004851	022864	046280	062611	081855	103529
005058	023914	046321	062614	081859	103604
005832	024541	046566	063228	082631	103609
006030	025487	046685	064396	082710	103782
006094	025616	047429	064459	082774	104941
007057	026518	047488	064592	082967	106441
007234	026567	047710	065503	083446	107070
008073	027769	048985	065625	083613	107525
008114	028277	050117	065666	083840	107554
008451	028941	050358	066044	084056	107594
009221	029079	050372	066352	084170	108551
009243	029852	050412	066950	084262	110475
010119	030545	050466	068838	084341	110700
010617	031195	051720	069582	084530	111048
010918	031505	051841	070097	084947	111184
010939	031519	051859	070337	085086	111265
011580	032049	051968	070573	086844	112748
011967	032228	052237	070617	087448	112852
012787	032954	052731	070652	087692	112987
013003	033162	053060	070657	088184	113357
013544	033568	054141	070672	088427	114121
013559	033637	054233	071384	088483	114125
013703	033974	054534	071885	088686	114429
013828	035695	054579	072232	088827	114516
013897	035746	054627	072483	089105	114527
013908	036825	054951	072489	089614	115132
013982	036888	055079	072850	090313	116207
014423	037383	055209	072983	090763	116284
014772	037554	055470	073552	091272	117325
015990	038028	055499	073724	091287	117646
016099	038138	055850	073745	091305	118771
016525	038260	055901	073824	091482	118803
016700	038319	056665	074196	092587	119034
017136	038683	056742	074241	092880	119100
017784	038977	057300	074809	092975	119685
017838	039278	057364	075339	093263	120185


121125	141331	165323	182618	204765	222043
121708	142424	165441	182818	205559	222673
122580	142541	166255	183757	206136	222737
122786	142584	167420	183804	206403	222939
122981	143615	167888	183849	206875	223231
123675	144317	167965	184039	207304	223245
124066	145080	168524	184059	207402	224057
124169	145567	169097	184920	207484	224156
124210	145771	169299	186642	207816	224465
125280	146070	169772	186650	208147	224903
125368	146256	169857	187273	209096	225049
126785	147137	170531	187702	209467	225050
127028	148773	170598	187799	209752	225191
127245	150010	171026	188373	211003	225483
127252	150804	171749	188732	211431	225559
127302	150827	171880	189586	211475	225813
128662	150839	172328	189643	212074	226116
128784	151708	172853	190153	212395	226743
129353	151787	172974	190263	212523	227092
129423	151999	173080	190339	213592	227378
130004	152240	173221	190371	213666	227474
131024	152275	173496	191557	214202	228068
131511	152867	174136	191638	214281	228125
131770	153320	174569	193857	214744	228616
132182	153600	174815	194511	215045	228710
132273	153771	175571	195052	215256	228951
132456	153995	175910	195476	215421	229350
132995	154107	176259	195567	215973	229461
133026	154327	176359	195686	216658	229734
133833	155103	176813	197396	216782	229750
133921	155179	176840	198096	217072	229886
134067	155537	177375	198534	217501	231540
134253	156814	177512	198793	217890	231601
134681	157282	177705	199516	218080	231837
134960	158151	178304	199619	218326	231972
135488	158284	178336	199722	218616	232149
136514	158437	178915	200212	219068	232231
137098	158979	179053	200396	219263	232510
137257	159253	179121	200413	219317	232727
137538	159737	179137	200620	219406	232882
138682	159960	179610	200886	219478	233283
138821	161198	179656	201414	220129	233457
139188	161465	179711	201754	220411	233703
139565	162310	180227	202157	221043	233746
140111	162503	181126	202964	221060	234373
140539	162561	181298	203216	221344	234724
140564	163355	181338	204003	221553	234867
141049	164052	181844	204023	221641	234894
141066	164373	181905	204546	221762	234928
141250	164882	182501	204591	221907	235457


236377	255051	274636	289789	309414	327858
237741	255119	275002	290555	309452	328318
238017	255294	275160	290568	309553	328336
238415	255403	275173	290616	309575	329271
238817	255801	275209	290801	309685	329722
239153	255831	275457	292348	309933	330296
239384	256691	275827	293729	310121	330695
239591	257236	276091	294074	310998	330712
239739	257379	276418	294500	311005	331528
239992	258110	277016	295388	311988	331974
240254	259138	277176	295766	312225	332041
241010	259237	277354	295771	312332	332568
241399	259457	278043	296168	312366	332606
241459	259582	278322	296675	312611	332700
242043	260017	278333	297422	312911	333324
242598	260820	278531	297864	313417	334309
242635	261001	278622	298798	314184	334877
243970	262067	278715	299110	314409	334888
244088	262206	279054	300213	314546	335140
244391	262229	279800	300380	315268	335287
244405	262309	280284	300511	315561	335379
244738	262594	280331	300630	315754	335382
244740	263111	280845	300951	316034	336243
244962	263659	281089	300989	316464	336819
245180	264334	281490	301117	316886	337095
245230	264391	281559	301437	317171	337207
245460	264962	281769	301578	317613	338399
245666	265525	281903	301707	318115	338503
246183	266009	281995	302155	318171	338873
246711	266519	283796	302370	318207	338931
247098	266566	283896	302398	318407	339228
247444	267509	283901	302576	318737	339581
247989	267769	283939	302848	319602	339868
248357	268161	283982	303544	320050	340174
248551	268163	284589	303583	320190	340231
249671	268864	284850	304035	320411	340394
249937	270210	285343	304460	320674	340429
250299	270695	285410	305859	320811	340486
250334	270713	286454	305951	321075	340924
250425	270742	286554	306057	322313	341039
250993	270917	286774	306395	323437	341064
251416	272338	286812	306492	323807	341431
251902	272599	287521	306711	323905	341706
251944	272606	287592	306787	325516	341801
253687	272683	287802	307232	325622	342072
253780	272686	287862	308056	326222	342330
254649	272810	288348	308166	326701	342373
254832	272886	288710	308407	327462	342731
254943	273096	289582	309174	327607	343077
254945	274566	289757	309397	327653	343259


344198	362531	386247	413935	432903	464096
344419	362611	387096	414122	433475	464252
344534	363263	387310	414151	433523	464748
344543	363483	387362	414850	434088	464845
345503	363703	387406	415057	435063	464903
345625	363791	387784	415512	435493	465042
345872	363931	388098	415907	436362	465455
345883	363972	389033	416903	437005	465475
346607	364432	389233	417123	437139	465909
346829	364838	389699	417210	437501	465973
346831	365306	390199	417291	438076	466113
347245	365706	390555	418157	438231	466146
347250	366051	391679	418438	438612	466691
347921	366947	392149	418766	438808	466699
348490	367290	392348	419273	439489	467310
349000	367978	392839	419674	439951	467763
349413	369087	393564	419740	440249	467964
349461	369397	393625	420378	440957	468362
349492	369865	393762	421490	441124	468474
350139	369889	394066	422459	441242	470346
350570	369895	395506	422578	443075	470484
350625	369992	395716	422945	443580	470520
350932	370567	396106	422992	443805	470538
350934	370840	396213	423393	444951	470935
350949	371572	396362	423678	446379	471731
351619	372611	396759	423786	446469	471822
351937	372714	397349	424582	446884	472480
351949	372892	398201	424648	448527	472601
352266	373105	398974	424837	448740	473179
352591	373201	399563	425084	449466	473948
353575	373244	400394	425337	450010	474495
354007	374122	401076	425547	450124	475122
354348	375314	401836	425861	450829	475916
354506	376117	402576	425969	451086	476338
354647	376842	403509	426498	451326	476537
355752	377995	404420	426534	451968	478030
357271	377997	404975	426736	452522	480115
357908	378085	405690	426836	453993	480324
358246	378234	405827	426937	454227	481943
358346	378410	406252	427530	455296	482244
358419	378731	406798	427597	455966	482456
358654	378815	407101	427883	456094	482470
358836	379330	407452	428026	458815	482891
359168	379692	407641	428533	459008	483108
360158	380140	407890	429539	459182	483424
360293	381103	409174	430729	459801	483699
360631	382131	410179	430903	459854	484406
361635	382228	412118	431403	462802	484421
361899	383905	412714	431513	463350	484550
362290	385387	413677	432723	463612	484728


484929	505781	528387	551002	574133	597427
486089	505885	528537	551310	575118	597536
486246	506007	528559	551562	575122	597941
486730	506283	530222	551705	575274	598072
486900	506459	530261	552868	576353	598484
487444	506962	530329	553065	576697	599527
488780	507052	530399	553157	576881	600307
488799	507056	532264	553521	577191	600311
490323	507168	533123	554214	578511	600992
490412	508455	533459	554290	578902	601133
490958	508713	533575	554307	578920	601413
491344	509204	533724	554513	578937	602787
491557	509320	534919	555180	579640	603049
491688	509325	534991	555317	580256	603405
492036	509769	535779	556019	580664	603713
492127	510622	536391	556951	581287	604171
492255	511472	536575	557077	581486	604262
492673	512059	537166	557209	581552	604934
493687	512895	537696	557511	581698	604952
494479	513499	537805	558242	582180	605209
494965	513665	538498	558516	583283	605274
495845	514309	538663	559885	583528	606301
496432	514632	538891	559923	583601	606481
496766	514850	539127	560482	584174	607550
497128	515254	539532	561121	584904	608324
497554	515856	540420	561213	585048	608822
497907	517372	541525	561486	585904	610350
498212	518891	542695	562158	586041	610427
499390	519127	543153	563052	586081	610494
499795	519153	543569	563167	586829	610532
499832	519438	543584	563211	588019	611218
499997	519653	543636	563572	588083	612565
500036	519697	544663	563660	590051	612691
500072	520604	544739	563754	590355	612796
500075	520692	545091	563771	590600	613746
500538	521230	545413	564781	591715	613997
500546	521599	545453	565791	591753	614561
500882	521616	546937	565838	593083	614879
500991	522232	547056	565917	593341	614924
501511	523961	547336	566305	593535	615754
501529	524247	547965	568888	593645	616601
501907	524658	548296	569562	594580	616619
502688	524887	548794	569802	595152	617272
503020	525186	549757	569959	595262	617973
503166	525735	549817	570327	595833	618928
503487	526221	550423	571597	596092	619110
503776	526854	550709	571708	596674	619122
504495	527687	550726	572453	596739	619237
504716	527854	550779	572837	596844	620164
504846	527980	550964	573062	597072	620678


621111	636301	656325	675378	693404	712444
621218	636338	657011	675761	693476	712551
621553	636643	658256	676010	693491	712760
622162	637106	658268	676176	693586	713938
622291	637991	659236	676744	694336	713951
622604	638796	659350	677486	694956	714109
622649	638803	659831	677595	695476	714614
623218	638811	659848	677721	695581	714616
623248	638852	660589	677827	695804	714840
623751	639054	660874	678187	695866	714900
624407	639162	661287	678407	696373	715930
624734	639358	661812	678586	696537	716856
625161	639377	661830	678862	697079	717007
625170	640336	661961	678962	697116	717933
625673	640430	662089	678979	697224	717948
625674	641021	662541	679256	698117	717957
626077	641139	662713	679549	698213	718094
626501	641325	662767	679640	698390	718243
627320	641756	662774	679723	698818	718343
627917	641767	662905	680012	699280	718554
628183	642147	663031	680156	699580	719114
628694	642346	663124	680320	699878	720237
628937	642738	663134	680429	700149	720263
628994	642914	663745	681338	700355	721618
629080	643795	664505	681574	700695	721702
629477	645063	664542	681833	701050	721859
629855	646148	664986	682381	701358	722109
629981	646162	665051	683096	701687	722182
629998	646914	665866	683390	702737	722597
630093	647248	666005	683410	702812	722661
630501	648733	667366	683526	703352	722744
630538	648810	667983	683698	703379	722844
630550	648930	668219	684226	703717	723945
630842	649057	668494	684375	703788	724821
631549	649094	669369	684527	703864	724998
631765	649485	669663	684896	703982	725957
631867	649659	669908	686424	704237	726191
632558	649870	670154	686915	705187	726462
632660	651404	670587	687399	706077	727098
632814	651555	671952	687458	707053	727526
633323	652378	672564	689560	707546	728082
633669	652456	673092	689684	708056	728343
633716	652569	673375	690835	708310	728478
633890	652760	673844	691088	708478	728610
633975	652770	673848	691370	708989	728783
634473	654884	674095	691486	709437	728895
634578	654962	674185	691607	709551	729357
635326	655034	674837	691833	709638	729460
635434	655388	675136	693074	709821	729606
635930	655781	675239	693161	710279	729932


730313	753594	777954	800696	820227	849756
730690	754011	778419	800719	820763	850001
730823	754182	779603	800756	821330	850034
731176	754846	779811	800866	821923	850174
731366	755039	780098	801163	822084	850768
731502	755503	780215	801338	822129	850878
732208	755670	780336	801463	822379	851240
732349	757255	781006	801695	822777	851750
732789	757717	781337	801849	823601	851886
733902	757794	781567	801929	823738	852130
735175	758190	781861	802454	824378	852180
735721	758191	782364	802787	824954	852452
736228	758820	782639	803237	825002	852488
736458	759025	782845	803807	825318	852873
736886	759043	783736	803877	826662	853623
736964	759238	783806	803959	827947	854117
737509	759244	783838	804614	829408	854283
737626	759266	783947	805205	829660	854342
737902	759462	783948	805325	829763	854504
738864	759734	784180	805366	830421	854738
739085	759829	784216	805412	831205	855394
739469	759955	784418	805692	831836	856670
740620	760619	785266	806110	832471	857289
740950	760857	785518	806614	832736	857883
741326	761229	785748	806711	832870	858924
742589	762344	786066	807372	834032	859036
742598	763157	786171	807377	834074	859192
742614	763871	788370	808681	834445	859988
743570	764394	788372	809341	835333	860006
744425	764531	789472	810456	836118	860207
744805	765086	790474	810933	836814	860390
744887	765391	791217	811461	837957	861153
745020	766055	791420	812002	841469	861228
745111	767057	792113	812157	841495	861590
745466	767202	792117	813053	842081	861624
745524	767252	792547	814260	842433	861822
745889	767312	793352	814370	842969	861900
746881	768257	793698	814639	843038	862106
746928	769424	794296	815163	843764	862230
747420	771284	794820	815446	844246	862452
747775	771510	795945	815516	846124	862617
747949	772067	796089	816317	846149	862835
749587	772161	796308	816779	846810	863058
749833	772273	797758	817200	847300	863088
750169	772370	797993	817717	847703	863286
751655	772806	798281	818105	848088	864482
752177	773132	799464	818775	848864	865460
752649	777307	800057	819059	848873	865476
752688	777642	800237	819087	848966	865888
752842	777718	800241	819244	849334	865955


865999	889307	913803	938079	958950	983711
866100	889514	913831	938837	959787	983935
866700	890324	913892	939381	960354	984253
867099	890357	914381	939492	961190	984530
867219	890571	914622	939562	961697	985387
867257	890608	915093	940117	961819	985426
867321	890646	915160	940344	961922	985501
867334	891274	916261	940958	962986	985801
867411	892037	916541	940996	963398	985814
867529	892534	917377	941510	963836	985951
868602	892611	917454	941542	964197	985997
869195	892634	917854	943837	964427	986310
869695	893051	918232	944033	964615	986384
870030	893420	919099	944042	965020	987383
870177	893461	919590	944470	965287	987413
870779	893605	920273	946430	965643	987476
871275	893784	920331	946541	965660	988829
871736	893831	920998	946692	966622	989681
872806	894403	922297	947168	966713	989682
873200	894539	922645	947763	970186	990263
873386	895210	922663	948630	971661	990379
873707	896726	923147	950091	971682	990376
873714	897405	923316	950533	972361	990434
874246	898304	923326	950546	972384	991429
875990	898320	924333	950648	972782	991450
876460	898504	924989	951504	972969	991831
876692	899440	925075	951869	973606	992071
877323	899464	925437	951886	973717	992801
877418	899531	925767	952338	974237	993226
878247	900033	925965	952378	974285	993357
879470	903235	925974	952460	974676	994018
880104	903392	926592	952807	975066	994314
880657	904319	927791	953321	975173	994572
880756	905308	927946	953374	975384	994706
881229	905466	929422	953582	975567	995365
881341	905701	931909	954005	975932	995366
881572	906218	932298	954563	976492	997029
881635	907258	932558	954669	976748	997291
881765	908505	932724	954790	976973	997623
881838	909024	932978	954842	977308	998092
884117	909092	933903	955183	977366	999065
884544	909279	934520	955497	977963	999149
885991	910078	934605	955845	978666	999332
886435	910249	934642	956324	979003	999606
886726	910755	935399	957575	979395	xxxxxx
886842	910852	935917	957683	980501	xxxxxx
887087	911213	936861	958313	980516	xxxxxx
887270	911895	937189	958553	980625	xxxxxx
889051	913220	937776	958730	981454	xxxxxx
889206	913683	937974	958877	981621	xxxxxx
