Draw Result of Rs. 100/- Denomination Student Welfare Prize Bonds – 55th Draw


First Prize of Rs. 700,000/- 	

732900

Second Prize of Rs. 200,000/- each

252196	   427125	   875106


 (1199 Prizes of Rs.1,000/- each)                                                    Page No.1

000505	040564	075694	120676	162829	206286	248514	299653	344610	396619	431887	479909
002059	041710	075960	120764	163851	206941	248825	303218	345505	396645	433200	482012
002094	042860	078010	121570	165266	207282	250101	303334	345509	397025	433237	482356
003268	043397	078089	121750	166430	207924	250320	303695	353086	397970	433467	484380
004762	043525	079261	122425	167665	207965	250938	305307	355579	399158	434837	484620
004983	043531	079717	122838	167765	210458	255723	305439	356096	399197	435463	486046
005373	044361	080204	122934	167922	210565	258836	306039	356583	399842	435970	487316
005473	044496	080392	122978	168859	210707	260295	306941	356814	400841	436534	490095
005551	045096	080536	124748	170386	212302	262238	307001	356886	402806	436798	490664
007114	045921	082349	131017	171078	212493	262325	308138	357707	403685	437897	490702
007220	047422	083578	133214	172095	213026	262545	309974	357898	405398	438950	492758
007982	048040	083801	133743	173425	214525	263522	310726	358306	406005	439186	493605
008327	048636	083849	134317	173611	216357	265571	311892	359113	406422	440311	494883
009274	048708	084515	134513	173668	216611	265974	312762	359174	406677	441488	495555
009413	048946	085330	134644	173849	217224	266552	313493	359580	407406	442931	496085
009630	049180	085347	134753	175871	217661	266664	314331	360243	407978	444689	497220
009771	050358	085600	135809	176158	221606	267197	314371	360385	407981	445320	498191
010987	050530	087274	135811	176500	221610	267214	314877	362538	408723	445337	498562
012019	051354	088195	136884	176517	221800	267300	316396	362726	409166	445704	499746
013073	051936	088380	137365	176873	222426	268215	316794	365234	409923	446252	499907
014402	052176	091217	138062	178620	223492	268585	317048	366176	411561	446430	500314
014431	052245	091853	138537	179001	223999	269309	317503	366645	411645	446896	502141
014741	052433	092447	139846	179360	225061	270463	317610	366774	412278	447902	504099
015066	053760	092835	139949	180218	225062	271451	319974	366906	412669	448096	504982
015713	053808	093579	140009	180560	226778	271804	320992	369555	413276	449074	506295
015834	054769	097158	140747	180967	227243	272345	321469	370688	413647	449784	506668
016311	055961	097772	141229	181066	230683	272815	321511	371982	413867	449943	507125
018219	057670	098276	141674	181069	230945	272960	322210	373320	414073	453676	508274
018830	057672	098569	142156	182341	231062	273633	324646	374165	414689	453809	509065
020670	057908	099733	143303	186290	231404	273662	326383	376845	414911	455493	509302
023379	058074	102198	143436	186568	232341	275239	329755	379004	416639	455886	510056
023558	059230	102370	143577	187067	232878	276239	329775	380950	416645	456714	510381
023664	059590	103073	144645	187317	233005	277944	330993	381627	417102	456760	513335
024519	062566	104138	147149	187958	233155	279719	331560	382819	417509	459135	513799
024932	062895	105519	147617	188475	234973	280974	331961	384013	417820	462428	515864
025211	064438	106257	148383	190562	235328	281348	333543	384887	421205	463546	516086
025471	065286	110072	148472	190633	241445	282219	333765	386685	421397	464595	516276
026616	066494	110185	148514	192240	242333	283393	333818	387397	422279	465684	517875
027564	067105	110269	150026	193907	242785	286205	334825	387659	422322	466583	517943
028411	067617	110803	150509	195209	242994	288157	335491	388783	422769	466819	518489
028799	068352	112627	150772	195345	243479	288576	337158	388837	423573	466993	518545
029912	068678	112928	152316	196146	243484	292645	337430	389707	424249	468676	518659
032077	069210	114757	154895	197430	243628	295375	337906	390486	424465	469081	519137
032676	071838	115204	155005	198758	244957	296241	339060	391407	424903	469595	519841
032692	072489	116653	156834	199029	245373	296255	339759	392206	425507	471234	521278
034396	072700	117097	158041	201171	245961	296946	340225	393396	428443	472505	521440
036106	073007	118028	159031	201250	246079	297301	340352	394562	429081	473133	521571
037890	074199	118315	159069	202625	246931	297563	343581	394899	430025	474168	521840
038533	075497	119025	161198	203603	247244	297664	344021	394911	430552	478832	523206
038970	075500	120485	161864	203849	247548	299312	344347	396225	430865	479589	523692

										Page No.2

524533	556101	599277	626916	670413	715832	751541	801484	846445	892500	932775	962387
525021	556530	601065	627397	670967	716523	752708	801696	847965	892879	933453	964733
525323	557074	601321	628490	672254	716928	753020	802275	848280	893405	933856	965334
525755	558375	601348	628902	673061	717467	753568	803331	849031	893508	933953	965578
525799	558600	602604	629096	674594	717896	753684	804879	849234	893641	934171	966885
526296	559432	603062	632263	675417	719371	755109	805278	851023	894512	934560	967993
527509	560288	603903	634132	675492	720705	756790	806375	851115	895637	935760	968152
527710	561412	604004	635177	675657	722854	756847	806492	851198	897225	935889	968740
529255	562066	604397	635465	675805	723235	757884	807713	852186	897373	938250	969249
531312	562438	604446	635914	676174	724255	758270	808486	852846	898020	940192	970617
532185	564303	605174	637204	676318	725286	761696	809295	854785	899077	940209	970997
533062	565803	605723	637231	676544	725411	763040	809654	858529	902106	941111	972275
534770	567907	606805	637261	678289	725492	764013	809921	863556	902822	941545	973553
534938	568174	607200	642879	678648	726139	764778	811393	863679	902891	941569	974209
535348	568186	608096	643862	682619	728144	765619	812715	867316	903766	942121	974214
535860	568781	608700	644545	682836	728709	766366	812753	868092	904163	942412	975697
537629	569271	608965	644615	683505	731144	766647	813001	868863	904415	942940	975785
538109	570464	608984	645196	683566	731419	767974	814375	868981	904716	943212	976086
538857	572105	609002	646391	684584	732974	768310	815197	869154	904965	944370	976874
538961	574062	609614	646802	686804	732981	768628	816188	869219	905649	945245	976915
539531	575312	609823	647055	687017	733460	769311	817583	871079	905804	945459	977810
539739	575427	610260	647226	688176	734734	770969	821012	871478	908153	947658	978368
539963	575986	610311	647334	688374	735066	771052	821600	871518	909019	949566	979004
540668	577186	610554	648897	689240	735715	771077	821991	873018	909069	949651	980189
542372	579001	610617	649062	689723	736327	771552	822414	873608	909313	949792	980224
543004	579383	610734	650639	689746	737497	773923	823395	873745	909720	950144	980589
543392	580611	611266	651170	692461	737861	773944	823637	874356	910044	950539	980814
543660	583160	611785	652452	692726	737950	775078	825075	874385	910180	950784	983264
544136	583231	612037	653443	692838	738390	776382	825204	875462	910933	951371	983332
544320	583277	613068	653787	693969	739014	776823	825394	875878	913032	952132	984190
544396	583367	613508	655028	694395	740369	777990	826090	877052	913884	954799	985910
544834	583611	614577	656616	694568	740567	778965	827402	880024	914059	955242	986902
545123	584768	615042	657801	695730	740835	779475	830613	880563	915782	955366	987347
545240	585211	615412	657849	695789	741516	780769	831188	880938	916386	955380	987736
546741	586576	615814	658351	697168	742127	781123	833069	881090	916708	955390	987845
547647	586840	616282	658579	698335	742203	782465	833467	881327	918824	956674	987938
549003	587887	616312	659719	698526	742333	785219	834356	882927	920118	957170	988000
549096	590012	616485	660613	699273	742412	786539	835026	883258	920283	957320	988442
549304	591067	616974	662142	700983	744050	787680	835633	883670	920302	957387	988789
549733	591533	617483	662680	703141	744545	787963	836727	883785	921554	957660	988838
549848	592053	617763	662962	703992	745129	788585	836975	883940	922156	957663	990177
549904	592092	619773	663280	705725	745320	789387	837163	884270	923630	957738	990427
549956	593044	620281	664596	710820	745896	790013	837287	885815	924345	957764	990761
551876	593389	620297	665001	712189	747381	790974	838477	886058	924919	959004	992121
552970	593670	621653	668206	714031	747649	791784	838840	886186	925748	959485	994359
554343	596610	621801	668736	714217	749249	792191	842052	887645	928747	960438	996223
554396	596864	622097	669072	714598	749415	795466	842496	888230	930020	960487	998092
554794	597508	623203	669240	715068	750462	796038	842832	889529	931545	960958	998512
555284	597699	625866	669907	715640	750797	796508	844215	891048	932513	961179	999658
555693	598499	626109	669930	715683	750988	801166	846174	891285	932611	961288	xxxxxx



