                         DRAW OF Rs.100/- PRIZE BOND
                               HELD AT KARACHI
Draw No.:  33rd                                               
Series  : COMMON DRAW            			Date : 15/02/2021


--------------------------------------------------------------------------------------------
First Prize of Rs. 700,000/-
124119
--------------------------------------------------------------------------------------------
Second Prize of Rs.200,000/- Each
075899    104906   561989

--------------------------------------------------------------------------------------------
Third Prizes of Rs.1,000/- Each (1199 Prizes)

000488	046914	097427	148492	199097	236875	288276	334403	380749	425715	477806
001185	046948	097743	148858	201339	237481	288839	334860	380916	426264	479977
001341	047459	099280	149240	202038	238534	289365	336271	381148	426488	480414
001812	047890	099874	149989	202294	238777	289954	336957	381201	426687	481375
001968	048062	101421	150226	202387	239041	289960	337427	382359	428350	482089
002733	048463	102518	150877	204789	240254	291943	339226	383087	430845	482577
004719	050586	106113	151016	205407	240953	292174	340487	383911	431952	482661
005533	051350	106234	151838	205496	241499	293189	341100	383980	433365	483825
008895	052582	106856	152739	205897	242114	294164	341670	384662	434111	484768
009115	054459	108678	152805	206479	242254	294351	343090	385265	434650	484815
012261	056205	108901	152809	206631	242287	294439	344301	386126	434709	486773
015226	056827	109693	153072	206972	242738	294660	344922	387431	435004	487401
015340	057292	112003	154470	207940	242782	295865	346429	388152	437080	489086
015425	057304	112313	156306	208383	244995	295889	347370	388704	437523	489586
016973	058960	112335	158598	208901	245964	297096	347630	389842	439264	490167
018286	059084	112352	159371	209176	246519	299264	347754	393034	442227	490436
018809	060883	112377	159900	209315	246631	300543	350205	393441	442857	491585
019034	061773	117207	160745	209332	248420	302078	350335	394580	442912	493278
019266	062092	118029	163086	210365	248755	304094	351883	395725	445244	493441
020535	062667	119037	163225	211972	248884	304833	352212	395978	445977	494697
022702	062762	119436	166971	212568	249861	304897	352806	396167	446681	496894
024382	064893	120418	169970	215123	250230	304982	353026	396206	446880	497214
026064	066317	123213	170462	215958	251658	305768	354434	397026	448233	498287
026579	066557	123597	171770	216190	256437	305927	354957	397787	449133	498319
026900	067364	125220	171865	216694	258317	306015	355584	398004	450424	499989
027268	069116	125566	172155	218395	258442	308879	355689	398884	450488	500167
027697	069214	126519	174559	218528	258525	309226	356598	399980	453469	500640
029881	070827	126870	175117	218928	258979	310086	357098	401161	453638	500758
030193	072492	129792	176103	221895	259043	311764	357752	402318	453861	500954
031034	072998	129862	176474	223205	260144	312294	359075	403931	454709	501387
032112	073008	130182	176756	223741	262399	312403	360331	404682	454842	501789
032989	073517	130349	178125	223827	263410	314098	361383	404748	457488	502871
033183	073848	130599	178191	223899	263902	315330	362189	404875	458260	503146
033650	075411	132460	179125	223930	264571	315600	363160	406618	459216	503227
033871	077156	133376	179425	224167	268058	316342	363693	406880	459725	503402
034764	078368	133466	180084	224373	272138	316722	363924	407420	459908	504543
034888	078590	133998	180620	224429	272596	317952	363927	407509	460701	504855
035309	079037	134267	181037	225610	272692	320885	364375	407842	461829	505250
036337	079052	134713	181665	226121	273271	321436	364425	409432	464098	505345
037664	079999	137017	181773	226399	273928	322063	364907	409834	466492	506132
038890	080318	138898	181922	226711	274117	322084	365667	412841	466731	507529
039849	081846	141349	181988	227152	277543	323932	367742	413453	467261	511303
039857	082818	143501	184219	227557	279221	324067	368118	413884	467334	512408
040185	083773	143692	185273	228200	279775	324826	369106	416002	467630	513167
040768	085241	143812	186794	228376	280210	325772	369561	416837	468459	516071
040881	086276	144848	186990	228428	280598	325799	369980	417260	470692	516247
041596	086582	145156	187213	229418	283032	326068	372292	418212	471729	516352
041957	087327	145612	189482	229833	283288	326693	372617	419114	472776	517416
042720	088554	146389	189850	232356	283461	327896	372786	419297	473927	518354
043486	092726	146718	190765	232404	283686	329977	373117	420764	474032	520061
045027	093429	146863	190904	232907	284591	330524	373493	421323	474892	520263
045738	094544	147088	191780	233166	285371	331360	374329	422391	475804	520564
046030	095090	147282	192232	234423	286090	333908	374941	423422	476371	520839
046154	096036	147337	194033	235047	286903	334002	376048	423477	476416	523455
046300	096259	147870	198824	236680	287808	334253	378671	424803	477576	523460


523771	576785	613115	663399	713733	763291	812751	856709	892919	934960	974993
524111	578257	614320	663710	713762	766080	812859	856997	893504	935640	976350
524788	580687	614464	666314	714084	766491	812894	857307	893718	935676	976704
525376	580784	615035	666693	714538	766964	813236	857641	893719	936653	976902
526093	581098	616807	667362	715127	767281	813495	858038	893774	937137	977140
526329	581265	617085	667784	716651	767564	817262	859231	893881	937282	977258
528752	583462	617317	667901	718258	772846	817477	859883	893975	938117	977376
528857	583762	618503	668887	719352	774119	817718	860235	894173	938864	978011
530332	584393	618552	669338	719522	774491	817770	862027	895280	939110	978045
530858	585409	619054	671491	719940	775082	818194	862346	895771	939995	978087
531038	586043	620054	671897	721154	775105	818401	863017	895911	941644	978960
531074	586276	621387	672409	722074	777635	818788	863390	896466	943152	979020
531320	586334	621821	674334	723337	777710	818789	863787	897743	943689	979369
532084	587016	623519	675993	723567	778202	818885	863818	898040	943793	980846
536203	587372	623660	676003	723890	778871	820017	863955	899158	944006	981387
536393	587684	625077	679961	725477	780345	823104	863959	899310	944049	981652
537027	587862	626462	679965	725727	780835	823924	863993	899630	946655	981796
537772	589174	626898	680019	726323	783406	823987	864953	899991	947266	982126
540533	589580	627664	680909	726531	783701	824275	865641	900069	947273	982501
540920	589729	631237	681695	729149	784835	824554	866773	900314	947615	983073
543859	590746	631964	684237	730119	785312	824788	867972	902186	947915	983982
544019	590839	632327	685809	730197	785381	825376	870194	902411	948274	985245
544457	590988	632737	686284	732083	786257	827783	871337	902565	949725	985299
545162	591219	633073	688686	732624	786874	827848	872463	903533	950271	985333
545493	591355	634745	688807	733186	786903	828484	873373	904251	950642	985619
547094	591531	635880	690015	736643	787281	828580	873476	906080	951060	988443
547971	591696	637362	691190	738951	788250	829445	874017	908814	951229	989032
549275	591987	638148	691850	739563	788806	830107	874872	908848	951783	989172
549873	592886	640968	692283	740014	790069	830737	875659	909799	951801	991611
551205	593160	641049	692366	741760	790542	831297	876465	911783	951816	991827
555295	594250	641528	692743	741867	790916	831408	878213	912880	952717	991965
556047	596289	642262	695566	742083	792356	831857	879621	915081	953309	993401
557518	597806	643011	695626	742989	793610	832840	879736	915153	953477	994259
557621	598989	643179	696038	743551	794699	835309	880004	915624	955923	995028
558743	599492	644065	697156	744519	795694	836294	880071	916101	958513	996147
560667	600057	645570	697568	744636	796189	836540	880766	916770	960191	996164
560872	600118	646788	698062	744640	797068	836683	881887	919629	960941	997426
562868	600539	647321	701078	744860	799768	836814	883039	920385	963052	997505
563747	600843	647873	701256	745604	800408	838798	883073	921063	963078	997818
563773	601699	648096	702880	745782	801870	840813	883088	921618	963999	997844
563836	602153	649045	703834	745960	802153	841899	884027	921970	964576	997939
564120	602787	651972	703913	746648	804330	842015	886776	925723	964853	998526
564525	602995	653668	705652	747253	804827	842761	887671	926453	966848	998910
566883	604739	653834	706847	747987	804962	843594	887854	926559	967292	999322
566916	605167	655727	707852	749235	805873	844583	888968	926681	967574	XXXXXX
567371	606455	656710	707911	750162	807472	845329	889296	926835	967583	XXXXXX
568557	606963	656806	708618	750302	808125	849068	889592	927762	967592	XXXXXX
569282	606985	658482	709296	754702	808758	849094	891375	927799	968692	XXXXXX
570594	609564	659399	709319	754736	808805	850167	891650	928245	969662	XXXXXX
571722	609902	659806	709556	755028	808906	850677	891877	928604	970833	XXXXXX
572022	610765	660901	709929	755411	809252	851719	891935	931868	971072	XXXXXX
573425	611142	661854	710777	757468	809664	853807	892009	932284	971325	XXXXXX
573593	611828	661942	711442	758586	810220	856101	892069	932729	973145	XXXXXX
573967	612051	662452	712701	761330	810606	856242	892328	933253	973405	XXXXXX
574466	612987	663206	713132	762939	810698	856366	892823	934237	973981	XXXXXX
