                         DRAW OF Rs.100/- PRIZE BOND
                               HELD AT KARACHI
Draw No.:  43rd                                               
Series  : COMMON DRAW            			Date : 15/08/2023


--------------------------------------------------------------------------------------------
First Prize of Rs. 700,000/-

922429

--------------------------------------------------------------------------------------------
Second Prize of Rs.200,000/- Each

328539    589614   997530

--------------------------------------------------------------------------------------------
Third Prizes of Rs.1,000/- Each (1199 Prizes)

000610	045735	083115	126980	169643	208154	241785	277690	316264	350384	404839	440336
001330	045849	084154	128043	169835	208420	242203	278569	317610	351624	405304	440664
001736	046070	084529	128046	170631	209680	244440	279137	317790	352656	405934	441319
002237	047112	087784	128226	170635	212068	245226	279860	318753	352761	408285	441761
003478	047148	087846	129125	171160	212181	247217	280979	319008	355435	409292	441905
004096	048216	088034	129386	171305	212221	247798	283069	319678	356170	409301	442021
004232	048306	088564	130047	171954	212435	248100	283895	321969	356830	409379	445201
004308	048786	089812	130686	174821	214227	248891	283998	322490	357234	409800	445287
006431	050132	092899	130995	175049	215320	248978	284068	322975	357592	410738	445822
006452	050389	093426	131519	176196	215641	249419	285364	323580	358722	412562	445828
006700	050893	093780	131690	178026	216996	250766	286043	323587	359384	413950	447171
006851	052920	094306	132065	179333	218300	251233	288223	325245	360357	414152	447515
006914	053294	094676	133299	179369	218435	253249	288756	325828	363237	415662	447558
007184	053565	094890	136376	180476	218680	253283	289552	326880	363840	416034	447832
007329	053840	095118	137127	180485	218701	253466	289996	327104	366281	417212	448281
007674	054389	096324	138060	182328	218934	253629	290644	327568	368402	418395	448371
007718	054869	098588	139069	183182	218993	253705	291058	328848	370491	418434	448962
007759	055529	098646	141779	183521	219370	254725	293366	328883	372372	418774	449541
008589	057878	099073	143377	185200	220280	255210	293828	328955	372524	419478	450200
011126	058710	100013	145470	185468	220674	255249	294917	329813	373189	420188	450989
011585	059310	100370	146600	185946	223315	255638	295197	331210	373816	420639	452345
011881	060077	101202	146948	187723	223707	256044	295900	331536	373849	421081	452979
013048	060186	102410	147267	188254	224189	256624	295941	331687	376029	421733	452993
014244	060340	103786	147689	188304	224337	256987	296417	331874	377637	422543	453967
015030	060561	103927	148980	190510	224404	257758	297043	332083	378657	422651	455901
015304	060920	106051	149081	190740	224918	257972	297907	332471	379933	424361	456863
018896	061312	106810	151366	191103	225953	258281	298052	333245	380371	425782	457904
021561	061626	107530	151448	191483	227901	258573	298428	334192	381027	426121	458918
021787	061706	107594	151612	191830	228446	258638	299414	334664	381066	427316	459749
021823	063300	107970	152654	191979	228476	261301	300854	334769	381833	427904	459853
022921	063783	108637	152844	192215	228940	261927	301131	335298	382224	428611	459890
023370	064029	109630	154550	193012	229102	261957	302129	336103	382285	428634	460104
024091	064878	109952	154913	193395	229281	262009	308580	336203	383224	428830	460328
024282	064948	110153	155452	193522	229531	262023	308643	337797	384795	429066	461604
024887	065176	111276	155818	193703	229875	262566	309665	338006	385105	429094	462614
024959	066096	111537	155984	194415	231117	264109	310857	339173	385728	429137	466547
027830	066102	114975	156324	194688	231442	265135	310944	342567	386556	429381	470955
028313	066812	116038	156508	195917	231828	265210	311333	343653	387667	429893	471617
031648	067389	117225	157705	196482	232095	265580	312873	344138	388689	433181	472521
033004	071340	118199	157809	197106	232441	265604	313226	344434	390308	433293	472715
033068	072779	118942	158169	197874	232688	265679	313521	344907	391224	433811	472835
034673	074979	119364	158359	198261	232827	267081	313594	345852	393084	434671	473729
034781	075586	120352	159913	198607	233049	268100	314067	345883	396372	435408	474333
036179	076337	122550	160331	198613	235225	268850	314352	346062	396958	435661	475301
036502	076671	123081	161808	199066	235525	269063	314901	346332	397622	437319	479170
038660	077914	123381	162678	201250	237045	269497	315306	346880	401379	438211	480252
039612	078406	123391	163724	201297	237089	270591	315482	347225	401456	438576	480440
044220	079792	123646	165892	201969	237801	273979	315686	347705	402048	438734	480687
044534	081407	124163	168232	202902	238017	274519	315696	347895	403440	439206	480871
044591	082240	124584	168686	208054	238096	275364	316054	350361	404177	439947	483744
											
											
484168	528558	570473	609211	648236	690004	738301	785724	824955	867839	911056	965261
485568	529066	571380	609495	650375	691254	739192	785967	825287	867999	913012	965932
485919	529815	571542	609644	650727	691529	739349	786254	826982	868597	913640	966039
486938	530012	572588	612778	650862	692468	739394	786871	828582	868925	915305	966930
489872	530341	573201	613827	651089	692766	739907	787399	828688	869135	915531	967565
490231	531876	574014	614281	651404	693513	740349	787987	829373	869980	916466	968617
490378	533528	574036	616292	651533	693638	740664	788779	829560	870661	918185	970208
491818	533845	575517	616348	652945	695617	740904	789032	829658	871484	918980	970593
492976	533892	577598	617096	653539	698277	742734	789087	829786	872529	920643	972648
493210	534100	578159	617509	654623	700369	744503	790006	830018	873156	921837	973396
493936	535251	578210	618692	655117	700583	746246	790286	830189	873841	924297	974524
493990	535755	579014	618704	655646	701775	747137	791366	830484	876248	925779	974662
495027	536227	579257	618753	656858	702707	747393	792660	830497	876469	928367	975419
495089	536561	579977	619293	657602	702757	748832	792976	831186	876890	929370	975590
495134	539402	580284	620770	658796	703979	750029	794249	831930	877431	929645	975695
495235	541017	581020	622033	659307	704290	752308	794507	832877	878107	930067	976217
495796	541084	582919	622339	661399	704577	752941	796774	834236	878237	930586	977012
496774	542171	582939	623085	663498	707729	753532	797713	834317	879778	931023	979139
497453	543186	583432	625021	663794	707787	753780	798965	834508	879848	931575	980719
497811	543322	584005	626570	664148	710359	755638	798989	838855	881457	932249	980731
500384	543459	584018	628227	664828	711472	757038	799014	840078	882427	932959	981881
501043	545279	584848	628379	666522	713833	757758	800101	842165	883488	938160	982070
501347	545652	585931	629776	667173	716810	759564	801591	842655	883844	940146	983908
503335	546826	586014	630193	667869	717375	761576	802632	843570	883956	941550	983997
505252	546888	586059	630248	668791	717743	762315	804615	843584	884940	944507	984613
505892	547061	586843	632085	668984	718202	763276	804864	843981	891011	944985	985035
506316	547291	588239	632294	670481	718566	766698	806972	845170	891744	945163	985599
507095	548333	589947	632982	674364	718681	768155	807320	845395	892731	946098	985910
508543	549299	589972	633347	674770	718704	769164	807803	846288	893629	946391	986307
509735	551018	590810	634024	674775	722964	770030	807949	846363	895270	946856	986535
510493	551484	591589	636072	675283	722973	770161	808776	848896	896515	949669	987683
510563	552148	591857	636467	676702	723806	771000	809228	849938	896595	949961	988718
511767	553132	592164	636618	677917	723966	771161	809555	850552	897580	951633	990314
512802	554745	592309	636646	678080	724463	772367	811174	851145	897989	951881	991270
513052	556014	592654	638924	678391	724761	773016	811254	852010	898671	952916	991577
513285	557007	595808	638950	679379	726620	773367	811283	854335	899049	953271	991658
514785	558039	595974	639335	680846	726886	774331	812626	856495	899720	953584	992140
515848	559261	596266	641387	681184	727605	776345	813736	857121	899857	954955	992353
515976	560185	597350	641851	682246	730069	776698	813837	858399	899973	956423	993242
516226	560748	597484	641961	682684	730537	778518	813945	858570	900895	956595	993583
516388	561025	597996	642350	683665	731441	778592	814447	859009	901069	959944	994308
519081	561992	598933	643500	684364	731483	779704	815930	859557	901315	960199	994487
519238	562357	600363	644064	684924	731958	781126	816829	862149	904700	961891	995498
519271	562970	602213	645297	685824	732085	781383	818610	862607	904978	962553	995734
521224	564928	603108	646613	686303	732566	781704	821871	864404	905278	963445	996109
521421	565987	603229	646675	687075	732677	782473	822100	865236	905490	963863	997428
522787	566990	604842	647226	687167	734688	783920	822133	865515	908025	963894	998290
523797	569316	605088	647332	687227	734717	784211	822253	867137	908067	964524	998980
525131	569568	606020	647357	688314	734799	784404	824549	867298	909084	964656	999525
526721	570012	608096	648146	688708	735474	784743	824915	867357	909218	965047	XXXXXX

