                         DRAW OF Rs.100/- PRIZE BOND
                               HELD AT LAHORE  
Draw No.:  30th                                               
Series  : COMMON DRAW            			Date : 15/05/2020


--------------------------------------------------------------------------------------------
First Prize of Rs. 700,000/-

694364
--------------------------------------------------------------------------------------------
Second Prize of Rs.200,000/- Each

666812    610514    879657
--------------------------------------------------------------------------------------------
Third Prizes of Rs.1,000/- Each (1199 Prizes)

001059	040152	089829	145280	189447	237409	275176	324154	376253	421558	477863
002276	040892	091377	147614	190806	237508	275859	324791	377048	421666	478219
003387	041442	092186	149183	190954	239723	276117	324849	378514	421725	478371
005437	041928	092258	151357	191031	240700	279939	324878	378894	422365	478476
007018	042547	092666	151485	191913	242524	279983	325445	380725	422924	478617
007401	045871	093882	151714	192239	243520	280559	326861	380786	423689	480156
008199	045992	095369	153523	192404	243532	281079	327909	381613	424491	482213
010067	046326	096264	155004	192424	243835	281409	328314	382284	425793	484683
010839	046610	097466	155206	192495	244870	281801	329155	382354	425949	486342
011077	047323	098283	155239	192731	245300	281870	330647	384143	428258	487766
011080	049668	099685	155431	193544	246258	282139	335257	385240	428806	488436
013377	049902	100358	155536	196198	249483	282644	336178	385884	431758	490236
013797	050124	102758	155979	198027	249569	283073	336351	387137	431995	490517
014000	053040	103352	157303	198556	250884	284022	337215	388447	435937	490886
014033	053333	103648	159024	198883	251156	284757	338201	388523	436627	491646
015051	054075	107189	159163	199395	252772	285511	339110	388702	436710	492067
015277	054331	109066	160794	199690	252792	285667	340049	389215	438928	493143
015358	054829	110448	161263	199957	253574	286634	340513	391657	439665	493542
015669	055558	111272	161632	200458	254327	286838	342746	391729	440676	493782
015677	057061	111901	162555	200603	254686	288462	343102	392782	441145	494025
016923	057606	112640	163637	202363	255314	290920	344402	392866	442441	494528
017825	058250	114287	164274	202867	256304	291925	344602	393424	442803	495103
017885	058462	114595	165829	203043	256376	291999	344811	394750	442994	498192
018469	059923	114778	167486	205296	256470	292633	345618	395111	447144	498238
019559	060771	115571	167563	205786	256472	293030	348029	395846	447735	498596
020676	061188	116436	168144	207395	257182	293561	348582	396065	447769	498847
020982	061365	118374	170733	208014	257811	294322	350678	396292	448607	500652
022546	062016	120050	171528	208237	258136	295780	351444	396424	449541	501451
022978	063475	120172	171797	208502	259026	296167	352039	396477	452430	501475
023146	064425	120486	172793	209422	259134	297082	352714	397495	452763	501796
023257	065301	121230	173139	209979	259846	297541	352715	397763	457718	502415
023639	065368	121835	173951	210138	259997	297683	353664	399183	458413	502816
024339	065739	123021	174657	211652	260101	297888	355292	399396	459667	502822
024843	067194	123675	174690	214129	260633	297934	355472	400784	459973	503669
025987	070929	124399	174777	215581	261966	301745	357841	401239	460493	504943
026703	072042	125085	175884	216901	262612	302095	358217	401449	461800	506782
026704	072465	126152	176033	217883	263385	302117	359358	402161	461802	507425
026861	072495	127105	176607	218881	265148	302695	359977	402294	464688	508230
029445	072630	128201	177407	219579	265350	303909	360959	402964	464812	508994
030068	073343	128384	178325	221218	265536	306676	362795	402969	465649	509258
030739	074091	129044	178342	221371	265605	307225	363242	407423	466464	509450
030937	074234	130981	179073	222924	266776	307659	366511	407611	466826	510788
032351	074684	131153	179400	225083	267859	309534	366569	407801	467244	511070
032602	075626	132504	179929	225627	268323	310182	367460	409573	467365	512392
032616	075920	134196	180257	227798	270985	311598	368016	410953	467486	513546
032622	078103	134262	180585	228903	271334	313223	368990	411310	468125	513648
033011	079991	134345	181601	228934	271340	316251	369891	412367	468364	516232
033925	080677	136870	181807	230146	271378	317488	370030	415118	470043	517227
035192	080686	138159	182442	230684	271386	318325	370325	417164	470575	517991
035513	081484	139117	183966	231119	271517	319807	371355	417394	470841	518414
036465	082216	139927	185448	231824	271956	320965	372472	417704	472613	519515
038557	082861	141814	185509	234818	273248	321054	373244	418615	472633	521329
038692	085590	143449	186289	235552	273356	322312	373744	419287	473263	521941
039167	088296	143577	186962	235687	273532	323446	374819	419417	473501	522572
039534	088575	144260	188842	236045	273652	323810	375064	419711	474370	522710



522985	561708	601833	639321	677276	719701	768647	816035	869637	914348	956773
523179	561982	602157	641713	677371	719817	768662	816873	870755	914622	957098
523586	562717	602837	641837	677678	721013	769062	816924	870781	915100	958779
526829	563073	603377	643711	677887	724303	770324	822410	870999	916403	958851
528689	563334	604165	645231	678846	725019	771247	823829	871008	917906	960255
529168	564018	604920	645609	680187	727607	772965	824305	871954	918586	961868
529878	564719	605171	645833	680718	728025	773017	826191	872428	918933	962438
530015	565743	605743	646649	680961	730869	773848	826917	872615	919929	962461
530094	566229	606084	648346	681857	731344	774811	829042	875144	919931	962875
531681	566318	606978	650362	682950	731919	774876	830229	875837	920047	963505
533001	566978	607187	651024	683052	733071	776193	831554	876317	920477	964015
533375	567735	609485	651279	683686	733321	776759	831746	877884	920828	965542
533724	568636	610035	653630	684315	735913	779813	832746	879094	922169	966044
535059	568670	610855	654420	684845	737049	780486	833725	879475	923615	966681
538416	568747	611356	655566	685409	738358	782286	836107	882672	923666	967359
538969	570217	613469	655614	685446	738932	784283	837981	884388	924996	967798
539677	571824	613535	655720	687747	738992	784848	838337	884644	925397	967948
539900	572128	614773	655920	688108	739001	785183	839193	887693	925714	970415
540329	573501	615216	656774	688166	739302	785412	840716	888278	926580	971267
540921	574683	615566	657563	688301	739358	785530	842314	888314	928330	971665
542258	575960	616213	657967	689210	739442	787209	843710	889492	928966	971732
542842	578324	617870	658968	691628	742828	787788	843866	889551	931223	973561
542969	579399	617922	659853	693234	743368	788729	844134	891237	931365	973837
543920	580190	619042	660494	693436	744900	789887	844293	892127	931689	974043
544426	580955	619117	660889	693969	745024	791698	844636	892224	932962	975299
545017	581318	619378	660987	694338	745509	791890	845908	893779	934605	977190
545635	582206	619666	661327	695379	746355	792441	846514	895166	935175	978272
545854	584053	619864	661353	695655	746942	792451	847133	895505	935292	978275
548547	587123	621566	661373	699129	747114	793424	847557	896057	935393	979565
549356	587173	622866	661444	699235	747628	795401	851773	896128	935744	979840
549836	587445	623168	661530	699583	748496	796782	851784	896430	936074	980338
552013	587572	623586	663503	703173	749700	796992	853927	897111	938644	980748
552051	587676	624030	663558	703389	750286	798121	854309	897928	938996	981332
553272	588015	624088	663601	704946	751622	798354	854976	898546	939238	981404
553613	588578	625206	664027	704989	752257	798642	855107	898969	939283	981774
554091	589626	626437	665819	707652	753135	799195	855468	899227	939321	981815
554365	589695	627177	666253	707968	753522	799259	856300	899445	939743	982035
554773	589947	627746	670539	708694	754271	800039	857357	899804	939989	982119
555424	590951	628336	670830	709636	755123	801272	857392	900164	942242	982317
555464	591086	628540	671214	710853	755796	805526	858477	900298	943870	982673
555591	591967	630111	671301	710858	756590	806088	860469	901461	944286	982930
556410	592139	630486	671357	712855	756857	806195	861122	902757	944595	984355
556414	593524	631057	671948	713351	757252	807401	862292	902777	944984	984730
557084	593623	631245	671983	713382	758246	809190	863074	903189	946310	985783
557187	593650	632224	673588	714060	758482	809230	863567	903462	948925	987825
557632	593912	632682	674278	714734	759347	810337	864293	905450	950681	989662
558213	594553	632790	674821	715067	759975	810833	864592	905841	951140	989899
559501	594658	633355	675136	715775	764067	810938	865120	908668	953701	991195
559970	595539	633361	675153	715991	764147	812831	865827	910608	954215	991810
560666	595909	633764	675161	716637	764692	812861	866399	910649	954217	992975
560668	596122	634819	675245	717261	765120	813242	867404	911571	954242	995044
560824	597127	635871	675305	718464	765430	813773	867559	912440	954315	996074
561125	598910	637157	675576	718477	766837	813966	868232	912738	954469	997847
561263	601474	637840	675601	718714	767208	814130	869571	912926	956116	999894
