                         DRAW OF Rs.100/- PRIZE BOND
                               HELD AT MULTAN
Draw No.:  42nd                                               
Series  : COMMON DRAW            			Date : 15/05/2023


--------------------------------------------------------------------------------------------
First Prize of Rs. 700,000/-

044473

--------------------------------------------------------------------------------------------
Second Prize of Rs.200,000/- Each

235483    266384   978729

--------------------------------------------------------------------------------------------
Third Prizes of Rs.1,000/- Each (1199 Prizes)


000957	045319	088551	139829	187393	234660	282521	326140	377577	418415	462318
002033	046298	088685	140010	189141	235109	282769	327510	378689	419697	464151
003860	046899	089559	141343	189327	235490	284248	329512	381437	419917	464499
003861	048077	090368	141763	190824	236113	284864	331577	381495	420806	465431
004587	048889	092600	142226	192260	236655	284917	334051	382487	420936	465993
004871	049244	093295	144036	192379	236809	286147	334619	383064	421416	466797
005743	049293	093535	144298	192428	238885	286802	334862	384965	422836	468532
005832	049958	093912	145227	195204	239133	287956	335176	385553	423099	469445
006197	051315	096573	145362	195378	240174	288336	337779	388382	423229	469595
006816	051593	098177	145382	197065	240232	289226	339030	389447	423369	469835
007233	052207	098911	147095	197367	240536	289326	339324	390942	424047	470182
008248	053051	099689	147451	201493	241200	289953	340468	391470	426841	471009
008321	054224	100114	147898	203742	241842	292862	340954	391752	426952	472628
008952	054837	100632	148704	203777	242726	293704	341214	393318	426990	474486
009236	055539	102212	148731	204780	243282	295680	341477	393475	428347	475166
009846	057000	102403	148951	206030	243657	295709	341610	393488	429976	475506
011188	057101	105043	149179	206512	243780	296054	342654	393835	432210	475608
012000	058148	105695	149935	206957	244015	297146	344861	394648	432425	477238
012394	058943	106715	155219	207932	244480	297197	345592	394842	433160	477930
013125	060170	107546	155319	210334	244654	297341	347095	395088	433248	478043
013636	060379	110878	155531	210338	245170	297943	347189	395103	434624	478863
015279	061004	112665	156192	210528	246672	301924	348567	396128	435522	479034
015820	061472	113057	157207	211542	247951	302747	349262	397029	435669	480306
018011	061666	114517	158102	211934	247998	303022	350142	398843	436293	481065
024413	062993	114518	158734	212472	248366	303423	353074	399402	436635	481567
024514	063526	116622	160380	212898	250358	304291	354133	399463	437095	482040
025441	066208	117814	160452	214467	250790	305058	354793	400172	437753	482346
027521	066478	119781	161997	216591	252406	306085	354842	400679	437968	482815
028400	066508	120119	162154	216738	253476	306579	354874	401929	439808	484472
028784	067445	120571	162244	217494	254364	308297	355212	402286	441688	485354
029123	069748	123172	164496	217645	254677	308794	356446	402532	442121	486104
029947	071097	125568	164591	217730	255257	308827	356782	402878	442553	487382
030565	071205	125673	165798	219266	257498	309977	357965	403348	444622	488579
031277	071410	126375	167280	222350	257607	310520	358754	405410	445246	488884
031418	072618	126550	167642	224079	257622	310949	359090	405509	448858	489144
031685	073075	127286	167792	224224	258220	311152	359415	406605	449065	489511
032454	073365	127474	169280	224273	258268	311172	359895	406684	449366	493374
034329	073802	127860	170263	224856	259160	311186	360309	407714	450933	493858
034444	075581	127971	173062	225318	259282	311298	363182	408174	451162	494095
035068	075851	127985	173996	226121	261613	311410	363847	408331	451679	494177
036167	077619	128694	175074	226909	264153	313524	363933	411196	452061	494926
036983	078060	129940	175292	227240	264820	314248	364707	412338	452082	495157
037468	078432	131113	175553	227511	268820	314557	366107	412542	452753	495657
037715	079681	131457	176766	228072	270948	316674	367034	412726	453245	495832
038315	080849	132130	178892	228534	271263	316764	368036	413113	455537	496422
038528	082647	132436	179882	229118	272162	317144	368999	413902	455549	496673
038567	082779	132580	181107	229533	272875	318935	369202	413918	457768	497349
039019	082916	133518	181883	230350	274120	319001	371076	413974	458734	498142
040292	084320	133632	182416	231299	275340	319113	373107	414111	459469	498601
041581	084357	134223	182453	232593	278304	319696	374193	414440	459527	501344
041682	085063	134736	183393	232943	279098	322065	374828	414464	460124	501373
042591	086104	135465	184378	233013	279752	322194	374868	414579	460307	502052
043053	086747	135975	185539	233492	280313	322874	375037	415660	461152	502252
044439	087896	137152	187009	233915	280364	323441	375609	415740	461310	502729
045114	087957	138075	187281	234115	280627	325077	376668	415978	461657	503279
										
										
503352	548517	588821	634629	680986	735662	780042	819220	851843	893327	942959
503838	548757	589942	635807	682318	735908	780779	819874	852033	894951	944294
503998	549103	591058	638207	683778	736876	781471	819903	854643	896127	945353
506165	549784	592167	638240	685247	737382	781733	820143	855212	896138	946436
507051	550993	593591	641447	686132	738375	781855	820997	855802	896252	946927
507718	552261	594992	643487	686333	739447	782070	821796	855891	896536	950488
508112	553062	595249	643559	691304	739918	782672	821898	856287	897777	951084
508432	554259	595314	644478	692311	741544	782822	822484	856430	898465	951790
508634	554289	595813	647552	692456	742526	783839	822824	856796	899134	953084
508732	554559	596007	649311	692823	743430	783925	823187	858643	900347	953151
510347	555192	596432	651103	693775	744712	784302	824888	861168	900452	955177
510407	556996	597088	651139	693867	746239	784685	825582	861764	900647	955275
512419	557151	598285	652124	694623	746280	784763	825874	862801	901157	955589
514213	557522	598651	652308	695906	746472	784987	826125	863517	901578	956293
516367	558002	598963	652565	697276	748539	786157	827145	864142	909736	956392
516660	558026	600280	652678	698311	751496	787189	827439	864573	911162	957415
518457	558133	600594	652736	699881	751729	787868	828345	865330	911465	957699
518506	559051	601918	652740	703169	751899	788250	828428	866417	912507	957717
518542	559357	602435	653413	703798	753719	788442	828649	866450	912899	957840
518619	559404	602865	654047	703906	753912	791188	828982	866722	913890	957862
519166	560816	603799	654093	704247	753997	792057	829473	867685	914011	959560
519215	561099	605975	654342	704492	755726	792099	829695	868238	914062	961551
521397	561591	609171	655380	705755	755802	792161	829951	868288	916144	965990
523361	563205	609788	656546	706125	756507	792484	830375	868639	916256	966351
523468	564245	611799	656776	707890	760071	793192	830879	869405	917370	966784
523471	568854	612056	659580	709822	760367	793378	832421	869574	917876	967592
525212	569577	612291	659847	710095	762583	793744	833180	870610	919164	968315
526551	570066	612970	661020	710759	763311	793769	833429	871299	919569	970662
527008	570256	613034	661574	712516	763716	798559	833952	872568	919767	971236
528438	570371	613431	662082	714442	764421	800091	834547	874543	921641	972024
528440	571248	613721	662638	714647	765199	800551	835749	874713	921667	972126
528705	571442	614660	662865	719394	765355	800583	837189	875299	923395	976381
528890	571594	616848	662870	719459	766492	800671	838053	875741	923538	977708
529146	571981	617286	663023	720263	766535	801328	838521	875890	924038	979089
530215	572215	617362	663764	723036	766832	801552	838623	876398	925290	980857
530263	573112	618225	666147	723315	767899	802837	838895	877853	926117	980877
531127	573900	618498	666782	723567	769053	804602	838947	878161	926548	980948
533100	574962	618969	667072	724786	769817	804926	840085	878755	927496	982008
534291	575409	620252	668455	725176	771931	807255	840740	878965	928289	982300
534631	575644	621170	668896	725603	772024	807877	841285	879009	929459	983548
534802	575896	622730	669179	726781	773428	808882	842652	880054	929525	984222
534840	576131	626378	669719	727719	773495	809198	843089	881460	930544	984684
535661	577220	626998	669811	729184	773753	809377	843370	881727	932003	985000
537057	579014	628444	671530	730170	774708	809405	843800	882574	932583	985511
537491	579920	628771	672697	730593	775405	810186	844125	882837	935487	986702
539121	580671	628852	673446	730840	775469	810577	844649	884723	935491	988154
539290	581219	629193	673920	731619	776946	812373	844810	885773	935643	988717
540591	581666	631240	674809	732045	777186	813915	844996	886372	936249	989018
540893	582387	631640	674853	732679	777760	814451	845030	886535	936344	991582
543287	584554	631689	675758	732764	778381	815849	848586	886777	937838	992416
544171	584691	631873	677202	733142	778686	816091	848809	888363	938901	994985
544456	585028	632359	677917	734979	779173	816257	849529	889450	939391	996195
545552	586285	632687	678510	735369	779332	818245	850806	890857	940341	998128
547918	588795	634421	680917	735407	780028	818946	850959	891264	941495	998568
