                         DRAW OF Rs.100/- PRIZE BOND
                               HELD AT MULTAN
Draw No.:  34th                                               
Series  : COMMON DRAW            			Date : 17/05/2021


--------------------------------------------------------------------------------------------
First Prize of Rs. 700,000/-
636604
--------------------------------------------------------------------------------------------
Second Prize of Rs.200,000/- Each
221550    451785   506256

--------------------------------------------------------------------------------------------
Third Prizes of Rs.1,000/- Each (1199 Prizes)

004315	054985	094862	146537	198206	244750	287015	324370	372706	412325	458520
005428	055156	095508	147195	198591	244812	287161	324751	373055	412950	458570
005774	055801	095825	147322	199776	244844	287261	325688	373109	413530	459388
006234	056222	099723	149112	200183	245157	288329	326774	373343	413801	461272
006404	056899	100499	149629	202781	245489	288363	327612	373622	415907	461603
007007	057037	102641	150525	203235	246326	290447	330718	374463	416637	462055
007525	057225	104191	154926	205169	246370	291133	331919	374875	417054	462722
009444	057368	104423	157907	205447	249143	291154	332999	376094	417488	464076
012672	057715	105813	158679	205945	249451	292103	333204	377031	418806	466043
013031	057853	106254	159394	207572	250541	293072	333727	377062	418997	466071
014259	058369	106650	160210	208270	250619	294190	334485	377338	421616	467391
015057	059206	108838	161107	208669	251084	295840	335603	378026	421705	467405
015271	060372	109118	162028	209021	253046	297047	336747	378362	423956	467690
019318	061073	110312	163560	210017	253713	297856	336864	379543	424398	468116
020819	062123	111765	164281	210929	254380	300234	337128	380415	424668	468201
021172	062859	112021	165978	213896	256642	301270	337453	381014	425156	468644
021448	063198	112604	167418	213909	258497	301549	340928	381930	425310	469192
021966	064531	115360	167515	216021	258579	301623	341590	382312	426109	469197
023769	066414	116042	168017	216249	259220	302051	341708	382490	426816	469350
023917	067049	116766	169570	216285	259305	303428	341898	385389	429004	469746
024172	068044	117829	170225	216494	261780	304080	342145	387314	429118	469846
026624	069275	118010	173443	217482	262053	304319	342219	387332	429500	470470
027026	069281	119004	174543	217613	262869	305206	343183	388503	431613	470598
028637	070109	120080	175207	218024	263026	305477	344956	388537	431840	473980
028830	071339	120381	176033	218435	263613	305614	345799	389668	433318	475389
029106	071699	120554	177111	218785	263728	306430	347518	390323	433404	475599
029901	072390	122929	177275	223808	266007	306498	347567	390797	433410	476637
031781	072876	123064	178421	225181	266227	306997	347590	391122	433457	476954
032999	074032	124452	179207	225290	266284	309573	348624	391130	433471	479102
033856	074113	125204	179392	225481	266552	309855	350097	391608	434093	479135
034376	074160	125542	179703	225930	266963	310097	350157	393028	434881	479209
035060	074517	125623	180879	227018	267408	311415	350741	394391	435166	479539
035160	076099	126110	181069	227724	268353	311706	352283	394501	435194	481665
035344	076776	126111	181260	227869	269525	313443	353035	394945	435240	481791
036095	077165	127416	182675	227895	269534	314066	354554	395219	435541	482275
036673	077610	129078	182953	228066	271309	314991	354819	395774	435931	482544
037286	078175	129191	184474	228647	271563	315016	355310	396466	436532	483193
038014	079030	131085	184491	229321	272602	315309	355423	397153	438441	483196
038437	079441	133090	185251	230513	272789	316128	357186	399097	438583	483554
038689	080021	136376	188026	230538	273066	316898	357396	399356	439817	483877
039832	080384	137522	188284	230926	273894	316905	357821	399912	440172	484138
041431	080912	138034	188307	232456	274803	317055	359450	402530	444058	484428
041788	081002	138821	188809	233929	276207	319668	359967	403192	444197	484659
044763	081337	138867	188978	234133	276706	320276	360512	403999	444344	485249
044764	082005	139301	190978	235080	278761	320357	360728	404829	446959	486111
045077	082184	139454	191650	236108	280273	320780	361812	406266	447322	486485
048318	082439	140146	192014	236245	280537	320996	362377	406882	448971	486794
049081	084026	140833	192486	236346	280893	321310	362425	407403	449414	487292
050123	084341	143455	192714	236911	281678	321555	363538	408088	449770	487381
050575	087197	144208	193381	237352	282960	321847	364349	408801	451697	488667
050862	088458	144744	193407	237687	283957	322189	365531	409074	452107	489244
053502	092905	144870	194255	237720	284839	322221	366632	410357	454863	489856
053945	094365	144952	196154	239937	286002	322897	370925	410656	455706	491681
054215	094511	145637	197869	243000	286145	323068	372077	410778	457403	491820
054851	094602	145910	198091	243710	286196	323879	372296	412238	458269	492720



493607	539778	598013	644378	693593	733022	774929	818236	857883	894148	949360
494948	540810	598287	645448	694644	733755	775037	820825	858793	895832	951803
495996	541021	598735	646753	698433	734239	775068	820882	860267	896699	952329
496288	542897	600662	647977	699738	734443	777085	821146	860414	897882	953997
498574	543949	602637	648260	699782	734566	778452	821278	860473	898873	954264
499134	544583	604114	648509	700672	734891	778844	821738	860609	899077	955204
499671	544828	606029	649324	701251	738075	779720	821976	860921	899397	956613
499814	548886	607453	649537	701415	738467	780967	822694	861967	901114	957004
500261	549658	608202	649726	702472	738592	780997	825043	862371	902210	958710
500974	549772	608453	649949	703954	740261	781097	825136	862696	904982	959766
501400	549922	610841	649969	704193	740540	781600	825615	863188	905467	960309
501601	550725	611164	652186	704599	740723	781738	827526	863661	905618	962144
504547	551280	611906	652243	704721	741265	785492	828000	865549	905918	963293
506988	551314	613636	653718	704999	741278	787325	828982	866254	907309	964522
508044	554147	614691	655237	705976	743053	787518	829490	866954	910872	964545
508622	555144	614898	655456	706398	743389	788509	833513	868370	911328	965372
509245	557894	615206	656811	707184	744361	789699	833862	868721	912588	965438
509352	559036	615956	658305	708009	744882	791809	833945	868794	913823	968248
510124	559643	616018	658420	708568	745227	792607	834852	869542	914271	968601
511297	561286	617384	658573	708748	749390	793500	835576	870097	914815	969345
511581	561434	617678	659303	711745	750911	794423	837062	870561	915007	971759
513439	561743	618754	659324	712796	750923	794922	837518	873171	915652	971960
515593	562034	619670	664576	713046	750949	795625	837786	873198	916264	972307
515666	562803	620686	665364	713374	751611	796730	839209	873202	916328	974023
516018	563434	621367	665983	713411	752958	797862	839468	873408	916448	975425
516799	566318	621793	666374	713469	752996	798024	840419	874885	918241	975518
516816	566449	621925	667056	715526	753218	798572	840607	876503	919720	975631
516850	566728	623363	667301	716899	754591	798776	840892	876684	921248	976285
517203	567090	625079	670290	716990	755557	799413	841998	876880	922975	976535
517493	568686	625871	670322	717048	756002	801076	842164	878197	924752	976626
518076	568823	626065	672429	717159	756097	801305	842335	878646	925272	976651
518804	570716	626659	673080	717643	756494	801553	844318	880158	925649	978460
519177	571112	628059	673114	717716	757012	803989	845635	880931	925878	978777
520527	573686	628378	674458	717726	757060	804488	846168	881561	927857	979115
520866	573852	628740	675120	719035	757755	804816	846672	882286	928217	979556
521334	574364	630032	675824	720729	758889	806519	848188	882359	929369	980044
523268	575210	630917	676081	720770	760029	806686	849342	882648	929892	980704
524643	576187	630949	676352	721388	760877	806937	849360	883484	931504	981739
526593	576886	631870	676774	722720	760950	806941	849400	883493	932913	984509
526931	580692	632197	678176	722729	761051	808129	849506	884677	934721	987096
527688	580856	633532	679909	723124	762103	808548	849801	885239	939084	987524
528182	582093	633773	680204	723445	765561	809439	850499	886095	939482	989108
528465	582336	634348	682670	723829	766946	809863	851567	887102	940705	990660
531402	582675	634910	683305	724138	767868	811545	851791	887103	941588	992607
533688	582924	635107	685016	724493	768113	812502	851895	887795	941983	992807
534119	584264	636222	685159	724988	768505	812575	853859	889961	943057	992941
535172	584512	636823	685464	725034	768899	812841	854291	890572	944292	993438
535773	589502	639743	686483	728913	769969	813865	854497	890998	945248	995433
537038	590022	640325	687229	729483	770743	813966	854545	891416	945323	995503
537459	591602	640326	687801	730756	771483	814150	854997	892138	945504	995871
537911	593514	640664	687954	730922	773208	814805	855450	892205	947138	997895
538509	593627	641962	689224	731068	773998	816266	856750	892476	947811	998889
538660	595647	642619	690149	731606	774385	817053	857099	893058	948317	999443
539018	597750	644068	690501	732610	774907	817079	857443	893629	948634	999985
