DRAW RESULT OF RS. 100/- DENOMINATION STUDENT WELFARE PRIZE BONDS – 51st DRAW

First Prize of Rs. 700,000/- 

991149

Second Prize of Rs. 200,000/- (each)

008228     397667     951818

(1199 Prizes of Rs.1,000/- each)

000181	031469	084582	125283	159382	197688	246236	283078	334040	383083	429399	469801
000265	031692	085398	125449	159434	198241	246580	283122	334231	384415	430041	470998
001449	033644	087067	127762	164409	198271	250066	283666	334744	385383	430243	472283
001646	035751	088182	127926	164634	198990	250730	285371	335199	387059	431149	472559
001890	037262	088450	128234	165897	199177	250773	287362	337299	387490	431686	473064
001949	037901	090367	129008	167480	200603	252309	287732	340525	387901	432659	474089
002329	038022	091489	129352	167946	201294	253610	289351	341012	388439	434217	475160
002554	038325	093023	129372	170193	202020	253626	289392	341049	388907	434247	475304
003419	042142	093804	129783	171364	203469	253803	290694	341528	389859	434468	475663
003712	043162	094086	129790	171601	203495	253820	290809	345939	390175	435469	475898
003802	044103	096278	131350	172233	203499	254388	291857	346315	391250	437178	478941
004149	044328	096445	132637	172422	203995	255683	291890	347058	391544	438159	480640
004331	046125	097227	133223	173063	206995	256110	291895	347614	393779	438518	482197
005594	047433	097277	133259	173663	207653	256155	295552	348179	393882	439488	484215
007601	047461	097327	134571	173933	207866	256406	296337	349278	394229	439824	484603
008232	048933	098090	136578	175610	208135	256913	297604	350200	394346	439879	486646
009327	049544	098929	136834	175881	208691	257353	298929	350226	395133	440123	487016
009358	050859	099526	137186	176796	208971	257567	304013	351048	395636	440535	487325
009592	051148	099582	137351	177232	209701	257848	304488	351546	396035	440791	489106
010104	054329	100858	137680	177535	210696	258278	306507	352664	396762	442189	491228
010464	056901	103271	138635	178780	210711	262159	310442	353958	396980	444368	491524
011227	057669	103356	139324	180428	212585	262171	310444	355204	397159	444759	492300
011738	059496	103580	140241	182058	212912	262958	311878	357042	399371	445127	493318
012601	060228	106721	140308	183220	213211	263563	312540	357046	403062	445445	493331
012965	061706	107602	140499	183396	214209	263982	313038	359118	405827	447790	493838
013373	061746	109392	141350	183637	214845	264897	313177	360240	408312	448002	496172
014144	062481	110055	142849	183838	215839	265118	314382	362257	408905	448143	498228
014774	063228	110381	142864	184167	217493	265242	315397	365082	410268	448646	498566
016796	064019	110383	143078	185318	219689	266892	315443	366334	410374	449320	498897
016855	064202	110442	143117	185497	220364	267324	315458	366599	411336	451335	499907
017036	064570	110581	143866	185629	220400	270579	317634	367842	411959	451902	500326
018681	065217	111976	144039	185682	220530	270642	317678	368634	412475	453978	501332
018686	065491	112272	144080	185819	220751	271409	321163	368726	412649	455872	503355
018997	066346	112312	144770	185852	221834	271523	321306	368996	414079	455924	506275
019644	069009	112433	145711	185987	222843	271669	324807	369455	416029	456329	506601
019793	069026	112823	146891	186024	223523	271884	324834	371529	417517	456388	507969
020058	069487	112988	147334	186421	227736	271978	325598	371624	418132	457597	508614
020068	069915	113320	148002	187009	230539	272507	325973	372798	418268	458538	509553
020884	070651	113630	148945	187034	230592	273426	326817	375490	419381	458721	509590
020940	071429	113740	150845	187054	232427	274785	327287	375782	419638	458780	509668
023388	071479	114057	152598	188682	233302	275675	327544	376801	420578	459382	511159
023502	074141	114785	153743	189888	233420	275901	329899	376921	421457	461032	511397
023524	074222	115244	155252	190694	236403	275951	330404	376983	423205	462005	511965
024272	074622	116465	155342	190815	236476	276010	331100	377045	424122	462293	514987
025014	075425	118417	155514	191889	238962	276030	332477	377896	425628	463756	516502
026656	075733	118993	155739	193055	240938	276740	332515	378473	425651	463869	517716
029388	080184	119414	157104	193841	241164	277900	332654	379883	425975	466267	518985
029733	081639	120619	157331	194011	243550	281125	333472	382097	428460	467754	519626
030657	082493	121523	157474	195534	244587	282898	333710	382427	428493	468709	521019
030940	083672	125037	158726	196133	246121	282955	333909	382579	428729	469210	522314



523071	559537	614798	653333	686818	724974	760309	803132	839493	879340	927361	965851
524751	559848	614985	653381	686984	725206	761488	803981	840575	879968	927504	967117
524933	562314	616394	654199	687837	726072	762955	805584	840979	880074	928987	968376
524957	563270	616664	655380	687873	726114	765139	806182	841531	881421	930413	968752
525350	564236	617546	656918	690210	726117	766437	806550	842167	883167	932023	969232
525630	564320	617760	657239	690931	726555	767093	806592	842600	883330	932175	969519
526807	566314	617910	657255	691169	728249	767363	807620	844101	883339	932533	969535
528147	567826	617986	657839	691327	728734	767836	807923	845339	883646	932975	972078
530434	567840	619212	658230	691850	729020	768181	807936	845418	884401	934074	974376
530588	568164	619724	658893	692741	729074	769047	808509	845692	885001	934357	974502
530631	569314	620327	659239	693897	730485	769121	809254	846876	885604	935641	976302
532524	569718	621398	660018	694255	730608	770840	810197	848935	888195	935784	977131
533271	571873	622889	660718	695040	731115	770989	810202	849426	888822	936399	978184
533465	572178	623173	661502	695483	731325	771561	810416	849600	890651	936463	979031
535436	572820	623347	662705	696773	731802	771658	810795	849873	891973	936957	979731
537405	573246	624093	663090	696780	732243	771702	811986	850573	892701	937417	979771
539203	575059	625521	663813	697765	732412	771806	812294	851466	893134	937834	980351
539750	576807	625582	664299	697869	733151	772374	813643	851686	893927	938518	981838
539947	578983	625889	664711	698443	733641	774005	813938	852370	893991	938975	982267
540109	579283	625977	665793	699863	733730	774317	815167	852991	895011	940095	982571
540415	579816	626187	666322	700150	734026	774951	815186	853282	897892	940341	983251
541624	580597	626248	666401	701053	734168	774952	815657	853846	898593	942531	983513
542481	583899	626574	666975	701357	734302	776650	815951	856197	900910	942631	984099
543364	583965	626729	667473	701534	734873	776870	816477	857171	901740	943082	985436
543758	584666	627084	667780	703425	735979	777944	816608	858881	902036	944039	985646
544292	584889	628040	668778	703617	736747	780697	819385	858970	902942	944369	985755
544577	585034	628507	672784	703691	739073	783140	819488	859161	903758	944718	986373
545315	586194	629915	673207	704198	739252	783281	819678	860491	906642	944812	986918
545473	594121	630439	673701	706801	739545	785273	819993	861339	907047	945451	987165
546415	594987	630997	674682	708077	739858	785333	820009	862044	907902	948009	987850
547021	595177	632728	674784	708165	740636	785657	821120	862273	907956	952255	989661
547519	597803	634083	675483	709924	741227	788130	821199	863003	908865	952683	989853
547905	598684	634674	675833	711128	742652	789134	821307	863749	910631	956571	990292
548536	598926	636889	676230	711921	742960	791619	821948	864046	912287	959068	990362
549005	599745	637488	677788	712150	743110	792766	822659	864218	912467	961019	991053
549333	604214	638779	677914	712210	744712	792901	823190	865781	912655	961463	991853
549679	605054	639039	678698	712349	745450	793517	823304	865815	916563	961753	992755
550042	605570	639392	681921	712936	746858	793652	823800	866310	916664	961899	992820
550486	606795	639599	682089	714083	746918	795579	824190	866626	917259	962367	993113
551034	607935	639956	682333	714199	746960	795701	824389	866738	917487	962801	993815
551533	607975	641763	683788	715079	751954	795781	824701	867391	917510	962803	993922
551753	609783	641999	684476	716129	752010	796471	825244	868571	917559	963473	994333
553189	609988	642705	684803	716176	752511	797602	825284	870859	918113	963562	995682
553906	610327	644158	685023	716811	752650	798729	827451	871615	919200	964281	996833
554115	610412	646185	685039	716841	753327	799800	827459	871882	919305	964379	997357
555030	610413	648847	685098	716900	755551	799894	829680	872711	919622	964485	998234
556559	612204	649061	685339	721046	757543	800406	833084	872838	920357	964489	999687
556995	612227	649258	685562	721442	758822	800607	833784	875383	922107	964585	999729
557484	614618	650195	686088	724831	759236	800746	834783	875541	923675	964969	999967
559058	614702	652055	686701	724973	760301	801924	835661	878372	927229	965167	xxxxxx

