
Draw Result of Rs. 100/- Denomination Student Welfare Prize Bonds – 54th Draw

First Prize of Rs. 700,000/-

847006

Second Prize of Rs. 200,000/- each

134391     186306     821652


Third Prize of Rs.100/- each

000318	035371	078826	116556	163239	204232
002926	035788	079245	116828	164172	204287
003206	037512	081032	117816	168360	204750
004689	038559	081223	117896	168648	205189
005460	040330	083505	118208	168714	206357
005539	040357	084186	119323	169673	209668
006210	040372	084232	120112	170592	210225
006711	040550	086048	123690	172405	210997
007143	044137	086502	124400	172413	211615
007415	046093	086780	124779	172473	212036
007417	046180	088580	125731	172560	213696
007620	046200	088880	125887	172614	213812
008918	047805	089308	126675	172654	214168
009421	048374	090439	129346	172879	214694
010362	048630	090646	130181	173105	214976
010613	049254	091382	132226	173778	215170
010657	051549	091404	132321	173906	215187
010953	051574	091634	132503	174428	215198
011297	053222	094335	132806	174524	215320
012579	055179	095252	132941	175179	215427
012794	057432	095434	133920	175560	216122
013219	057608	095810	135032	175774	216589
015922	058019	096518	136514	177654	218674
016771	058445	096812	137044	177747	219464
016851	058532	097054	137302	178148	219745
018119	059336	098735	138374	178503	219846
018315	059420	098935	140448	178660	219994
019417	060465	100486	142576	178999	220727
019443	060769	100977	143701	179560	223988
020264	060902	101948	144159	179992	224085
021029	060982	101963	144400	180713	224962
021069	061228	103329	145301	183425	225955
021274	061624	104393	146246	183497	226095
021949	061650	104419	147445	186065	226765
022694	063238	105377	147495	186152	227499
022941	064124	105751	148065	186628	229532
023194	065134	106546	148504	187287	230167
024163	065580	106926	148621	187874	230563
025155	065618	108340	149601	189014	232276
026518	066871	109621	149783	190486	232441
027045	068693	109728	150952	193569	233330
027307	069181	110278	152975	194164	233773
027560	070829	110522	153346	194911	234472
027999	071292	110674	153968	196236	235343
028055	071577	111044	154220	196283	236422
028549	073091	111262	155441	197145	237170
029606	074414	112725	156471	197436	238032
029962	075018	113587	158322	197881	238809
033103	075173	114560	158366	198357	240777
033857	075634	115087	158673	198831	243019
034368	078741	115853	161363	199016	243301
034532	078805	116538	162508	203469	244126


244779	288233	325636	365959	429330
245792	289550	327670	366838	431197
246044	290736	328345	367204	431814
246696	291269	328517	368392	432963
246703	291460	330132	369621	433268
247680	291974	330960	370053	433570
247740	292336	331192	371193	433881
248083	292924	331517	371547	434666
248359	293692	332991	372662	435311
249214	293827	334547	374433	437444
249650	294381	335041	374929	438827
251818	294710	335930	379432	439036
252893	294955	338386	379514	439104
255787	296904	338428	379658	440172
256952	296937	338471	379889	440563
259120	297355	341053	380837	440715
259128	297455	341062	380915	441062
260160	298256	341163	381306	441100
260922	299645	341402	381699	442171
261080	300257	341407	384603	442729
261147	300613	341792	385455	444898
261913	301114	341926	385878	445260
263979	301375	342853	385954	445344
264112	301709	344474	388687	445417
264844	302316	345856	389312	445421
266018	302500	346800	392313	446153
268069	303132	346972	393069	447545
268125	305887	349735	396383	447557
268249	306341	349990	396531	447637
268327	306365	350476	397391	448234
269707	306395	350547	397868	449639
271119	306845	350781	397943	452380
271957	307755	351632	398371	453787
272293	308160	354119	398466	454207
273682	308297	354448	400664	455455
274043	310704	354717	402312	456573
275649	313092	355029	403901	457104
275680	313972	355230	405337	457543
277159	314203	356452	409441	458400
279266	315494	358656	410224	458723
279905	316111	358944	411210	458738
280756	316403	359538	411263	459252
282221	316512	360898	411956	459330
282975	318320	361163	414185	459386
283189	320608	361662	414262	459421
283524	320764	361739	418359	459928
283704	321502	361903	420821	461175
284107	321808	362338	423998	462018
284383	322453	364361	424073	463214
284914	323766	364879	424215	463603
286402	324806	365647	427011	466768
287623	325425	365807	427546	468669


469547	511265	546987	591228	638785	684847
469860	512183	547026	593281	639579	686353
470857	512209	547254	595618	640076	689230
471351	512924	549926	596438	641894	689838
472306	514993	550453	597048	642160	691228
473502	516472	550744	597239	642353	692370
475380	516809	551270	597259	642444	693343
475383	517309	554503	598030	642981	693785
475411	517395	555067	598054	644144	694437
475649	518280	555585	598679	645259	696620
476109	518315	555676	598868	645490	696866
476923	519293	555800	599695	647981	697526
478485	520076	556158	600226	649137	698600
478495	520389	556372	600260	649314	699449
479070	520745	557363	600521	649504	700731
479392	521382	558693	601308	649683	701326
481798	521645	558974	604459	651335	702394
482388	522238	559011	604786	651520	702857
482587	522645	559925	605671	651947	703360
483201	523644	560101	608503	652021	704012
485514	524003	560347	608918	653044	704465
485657	524405	560361	611866	653693	705276
485782	524464	561108	612502	653836	706043
486186	525278	562693	613678	654826	706873
488893	525374	563417	613736	655013	707057
489023	528208	565938	613814	657891	707335
490503	528275	568519	616646	659229	707452
492438	528360	569159	617620	659548	708262
493393	530214	570878	619047	660291	708723
494058	530715	571056	620048	661033	708867
496345	531383	571245	620901	661356	709735
496788	531421	571253	621181	661552	710171
497646	531665	573118	623290	662056	713216
497755	532364	573225	623816	663198	714218
498542	533638	578001	624061	665149	714576
499343	534791	578243	624232	669603	715213
499357	535351	578356	625757	670887	716123
499446	535428	578669	625758	672549	716750
502167	535429	578819	627046	673377	718179
502388	536221	579424	629355	674831	718984
502977	536222	579540	630673	675415	719206
504300	537002	579766	632941	675512	719271
506219	537435	581666	633107	675566	719320
506921	538009	582337	633930	676122	720320
506966	539051	582912	634332	677909	720867
507318	539072	583094	634498	679383	722456
507562	540218	583220	635073	679793	723332
507623	540291	587025	636432	681387	724265
507790	540828	587518	637048	681787	725434
508000	541405	590433	637129	683444	726516
509130	543209	590471	637963	684106	727061
509698	545909	591113	638601	684488	727448


727709	778410	815729	859279	906252
728879	778631	817162	859505	907125
729124	779506	818163	859718	908467
729775	779519	818315	863071	908935
729871	780356	819763	863507	909298
731127	780842	819835	865273	909812
731144	781209	821811	866164	909962
732238	783838	826418	866543	910801
735439	784029	826818	867247	913055
735474	785624	827837	869174	913740
735607	785696	829973	869459	914022
737094	786179	830643	870291	915384
739079	788664	830831	872372	917894
739905	790871	831142	872998	918946
740201	791804	831639	873789	919763
740452	794025	831716	875053	920007
741245	794520	831998	875099	920133
742496	795235	834208	875833	920942
742766	795512	835213	878548	921779
744939	795583	835351	879489	923068
747522	795842	835865	880069	923103
748350	796206	836324	883219	924544
748454	796671	836957	883336	927279
748725	796928	837423	884568	927389
748847	797329	838245	884569	928369
750279	797452	838644	884794	929584
750517	797899	838827	885230	929858
754190	801016	839307	885686	931073
754999	802058	839349	885885	932500
755273	802224	840169	889154	932819
755415	802440	840190	890797	934739
756112	802710	842423	891401	935727
756539	803973	842558	892992	936809
757018	803984	842700	893179	938206
757028	804265	843091	893779	940233
758550	804745	843490	895534	941943
761092	805418	846544	896349	944190
764245	807463	846636	897084	944345
764362	807478	848415	897201	944814
764412	807487	849426	897434	944839
764447	807563	851263	897602	944927
764478	807972	851346	898416	945514
765612	808272	852517	900106	946299
766033	808311	852609	900530	946473
767396	808583	853994	900553	947032
771068	808986	854250	900667	947633
771499	809347	854499	900906	947863
772430	809675	855723	900954	948094
774976	811058	856204	901385	950824
775227	813376	856302	903694	952232
776854	814713	857478	906133	955343
777463	814803	858692	906246	956781


957191	996382
958693	996534
959074	998722
959240	999609
959380	xxxxxx
959649	xxxxxx
960097	xxxxxx
960427	xxxxxx
960892	xxxxxx
961022	xxxxxx
961516	xxxxxx
961732	xxxxxx
961909	xxxxxx
961926	xxxxxx
961955	xxxxxx
962779	xxxxxx
963214	xxxxxx
966927	xxxxxx
967015	xxxxxx
968181	xxxxxx
968497	xxxxxx
969459	xxxxxx
971018	xxxxxx
972125	xxxxxx
973026	xxxxxx
975643	xxxxxx
976078	xxxxxx
976108	xxxxxx
977074	xxxxxx
977618	xxxxxx
978209	xxxxxx
978841	xxxxxx
980090	xxxxxx
981308	xxxxxx
982454	xxxxxx
983660	xxxxxx
983761	xxxxxx
985618	xxxxxx
986828	xxxxxx
987909	xxxxxx
988436	xxxxxx
988843	xxxxxx
989140	xxxxxx
991224	xxxxxx
991376	xxxxxx
991784	xxxxxx
992056	xxxxxx
993025	xxxxxx
993091	xxxxxx
994191	xxxxxx
996365	xxxxxx
