DRAW OF Rs.100/- PRIZE BOND
                               HELD AT QUETTA

Draw No.:  26th                                               
Series  : COMMON DRAW            			Date : 15/05/2019


--------------------------------------------------------------------------------------------
First Prize of Rs. 700,000/-

074326
--------------------------------------------------------------------------------------------
Second Prize of Rs.200,000/- Each

126355	559490	806738
--------------------------------------------------------------------------------------------
Third Prizes of Rs.1,000/- Each (1199 Prizes)

000357	044502	092113	142811	186299	217180	253040	292071	352268	389768	450980
000969	044521	092173	142901	186538	217339	253069	292752	354378	391220	451026
001766	045854	092884	143766	186699	217393	255479	293565	355995	396752	452715
002997	046501	093296	143927	186898	217749	255595	296537	356317	397472	453606
003628	046740	093847	143930	187368	218396	257294	296859	357090	397754	454053
003837	047438	093950	144573	187561	219094	257335	297374	357657	398320	455752
004723	047889	095721	144790	188597	219409	258061	299146	358049	399060	456218
005424	048685	097989	144986	189957	219759	258345	299673	359727	399329	456759
007087	048755	098676	147225	190098	220941	258627	299917	360126	401835	458177
008206	052536	099113	147508	190148	221004	258912	301123	360409	401901	460425
008510	052640	100106	147702	190293	221244	259423	301954	360845	402096	462663
009129	053604	100486	148033	190405	221537	259692	305124	360909	402918	463222
009540	053883	102934	149878	191352	221724	260698	305141	360959	403307	463899
010042	054299	103091	151710	191547	222202	261825	306030	361893	403500	464387
012017	054829	103205	151837	191784	222228	261931	306725	362532	403914	464846
012208	054942	103240	152178	192738	222843	261933	307518	363497	405303	465022
013054	056053	103308	152261	192742	223377	263082	308099	364024	406602	465474
013243	056867	103362	152950	195757	224593	263533	309767	364216	407801	466392
013904	057151	103704	154957	195934	225290	263979	312296	364440	408011	466903
017743	059177	104037	155543	196223	225460	264426	313205	365523	412947	467283
019604	059391	104090	156068	196294	225521	265699	315160	365592	413713	469930
019855	061884	105160	156392	196607	226818	265924	316436	366043	414143	470742
019861	062197	106003	156649	196924	228323	267942	317236	366813	414292	470770
020526	062576	107293	159334	198320	228561	269623	319957	367383	414606	471661
020910	063396	107770	159631	198434	229291	272071	320249	368029	415527	472782
021753	063442	107771	160265	198565	229615	272113	321846	368219	417365	473085
022817	064397	108170	160394	199596	229766	272257	322507	368762	418461	474331
023241	064997	109215	160605	199634	229989	272911	322619	369093	419176	476061
024754	066430	110688	162119	199757	230416	273243	323214	369200	420871	476942
025058	066657	110831	162179	200036	230900	273977	326308	369601	421291	480574
025293	067815	110907	162235	200158	234180	274453	326320	369845	422096	481941
025564	068411	111654	162331	200214	238317	276272	326700	369868	423703	482444
026230	069826	111871	162503	201097	238361	276352	326777	370325	424207	483077
026967	070585	114354	162788	202467	238718	276557	328419	372026	426437	483376
027912	071013	116754	164820	202778	239340	277442	329667	373035	426487	483849
028398	071795	118361	165225	202888	239624	277824	331815	373382	426741	483961
029825	072113	118562	166052	203326	239770	277905	332036	373392	427771	484025
031338	073025	119281	166134	204664	240720	278075	332205	377009	427916	486931
031470	074298	120225	168445	204675	241643	278552	333770	378117	428331	487137
031587	075202	120591	168812	204739	242655	279717	333971	378525	431284	487896
032100	076146	121205	169593	204740	242721	279891	334206	379446	431834	488143
032600	076724	129136	172582	205657	243100	282349	335320	379550	432639	488300
034343	078046	129145	175358	205876	244054	282806	337160	380899	432993	488350
034370	078117	130328	175720	207393	244061	282869	338804	380932	434948	488427
034953	080724	130810	176657	209674	244183	283017	338980	381769	437146	489141
037600	082031	131725	177565	210230	244433	283299	340325	383531	438322	489684
038761	082576	132559	180035	210920	244490	283704	340344	384268	438480	491208
038815	083546	132763	181843	211204	244671	284308	342303	384924	440392	491297
039284	083963	136114	182507	211838	245697	284941	343658	385522	443089	491365
040458	084759	138206	182788	211869	246978	286050	344351	385732	444413	493104
040650	088615	139783	182935	213068	247269	288320	345649	385825	444547	493401
041541	089198	140018	184781	213838	249873	289614	350657	386651	446282	493968
042239	090179	140316	185039	214978	252291	290115	350896	387726	446522	494772
044260	090223	141358	185117	215324	252410	290823	351844	387869	446946	495798
044447	091768	142331	185840	216338	252809	290930	352143	389724	449327	496029


496999	539166	596419	641704	689397	739658	790586	826238	857762	906176	945042
497395	540718	599616	641929	689680	740903	790711	827161	857992	907052	945278
497843	543112	600063	644353	692768	742073	791405	827317	860811	907872	946339
498526	543643	600207	644562	693028	742217	792351	827438	861186	908261	946735
498859	543743	602475	644653	693248	743330	793391	827733	861397	909114	947035
502231	545191	602533	645673	693308	744543	793988	827788	861983	909234	947206
503649	545493	603098	647098	693770	744889	794716	827969	863184	909374	947671
504701	545989	603764	647167	694513	746361	794735	828384	863919	909410	952418
505668	547413	605971	648015	695276	746443	794781	829870	865216	909593	953215
506293	548153	606622	648582	696074	747476	795092	830394	865737	909870	954695
506477	548464	606870	649089	696262	749636	795233	832165	867410	910476	954884
506957	549334	607112	649374	696503	751410	796064	833078	868267	910684	954960
507956	549706	607636	649989	697253	752982	796280	834288	868311	912240	955419
508322	550657	607952	650050	697479	753393	797192	834306	868936	913064	955679
510215	554544	612737	650731	697732	754148	797960	834401	868963	913109	956094
510681	556469	612985	653178	698705	754812	799013	835040	869497	913138	960095
510727	557008	614129	653266	699592	754830	800917	835877	870033	913895	960176
512644	557681	614587	653927	699593	755023	801806	836229	870919	913902	962107
512740	558680	615081	654355	700394	757352	803504	836366	871206	915174	962748
513187	559098	616878	655670	700730	758853	803688	836871	872768	915819	963511
514492	561618	617070	656731	702778	759621	803927	836919	872946	917600	964295
514944	562548	617159	657093	703154	760295	804060	839037	873848	921912	965359
515829	563190	617201	657726	704229	760406	807365	839392	874642	922160	965562
515932	567764	618314	660240	704613	760936	807786	839867	875528	922655	966515
516136	570563	618474	660451	704810	762714	807858	841043	876047	922944	966737
516139	572200	619471	663121	707150	763223	808143	841131	876698	924374	967599
516278	572489	620047	663248	708626	763520	808688	841349	878716	924846	967836
516421	574858	620645	663736	711474	764002	809794	841525	880311	925238	970206
516506	574954	621586	664074	712498	766119	810496	843456	880334	925667	972377
517242	575090	623320	665112	712556	766209	810896	843919	881860	925994	974537
517979	576349	623507	666406	712607	768178	810960	844170	882214	927518	975299
519278	577322	627312	666584	712986	770191	813467	844254	882383	928158	976212
519884	578990	629229	667087	713030	770553	813488	845067	884560	931004	976298
520177	580086	629492	668224	714161	770865	813625	846176	884882	931477	977345
521035	581390	630000	669887	715337	772464	813626	846959	885268	931893	977977
522452	581790	632061	670211	716110	773294	814637	847356	885545	931895	978110
522910	582481	632069	670661	718105	774151	816137	847505	885878	932515	979140
523010	583843	632766	670770	718856	774154	816348	848091	886738	933191	979453
526561	585734	633251	673868	720003	775368	816378	850057	887718	934432	979999
526737	586247	635663	674835	720642	776017	816405	850504	888088	935180	980780
527177	588034	635713	676572	724593	778117	817284	851358	888213	935284	986795
527863	589178	635835	676727	727137	778708	817446	851787	890118	936215	987471
527872	589410	636226	677321	727608	779489	819376	852377	892353	937672	988229
528815	589730	636331	678320	727810	781328	819763	853482	898307	937686	988424
529416	592253	637043	680220	727855	781839	821295	853640	899311	938821	989126
532384	592371	637342	682775	728398	781952	821507	853818	900095	938995	990095
534091	592673	637532	683658	729287	782809	822193	854718	900614	939299	990259
534213	593331	638007	684034	730331	784417	822942	855837	900802	940617	990403
534798	593422	638021	684102	733984	784551	822983	855986	901039	940974	992510
535499	593488	638527	684564	735155	785605	823119	856068	902444	941778	993185
537277	593825	638933	684878	736241	788623	823842	856206	903170	942956	993961
538083	594646	639432	688086	736601	788882	824065	856228	904596	943278	996871
538184	594690	639769	688869	738711	789565	824819	856578	904976	944504	998427
538223	595672	640213	689266	739368	790052	825765	857327	905851	944954	998834
