                     DRAW OF Rs.750/- PRIZE BOND

		        Held At Hyderabad
Draw No:98th
Series:	Common Draw					Date:15/04/2024
----------------------------------------------------------------------------------


First Prize of Rs.1,500,000/-

900286
----------------------------------------------------------------------------------

Second Prize of Rs.Rs.500,000/- each.

134617	197462	314256

----------------------------------------------------------------------------------	
						
1696 Prize(s) of 9,300/-  Each


000974	034527	060737	087744	116100	146569	179589	211422	249951	280529	311481
001057	034901	061372	087789	116146	147092	180737	212281	249978	280903	312295
001253	036635	061575	088106	116423	147512	182928	212542	249997	281712	312729
001464	038356	061973	088205	116473	147979	184201	213163	250484	281818	313904
002211	039450	062584	089312	116747	148267	184981	213232	250835	282593	314155
002350	039951	063137	089430	117063	148627	184982	214821	250934	282866	315641
003141	040152	063178	090507	118064	148944	185150	215985	251338	282918	315828
003579	041519	063889	090742	118690	149241	187268	217130	251698	283401	316129
004115	042216	064986	090955	120931	149613	187901	217164	251726	283697	317197
004193	042674	065208	091250	121904	150311	188721	217320	252750	283828	317279
005433	042744	066122	092049	121946	150571	188778	217557	252813	283930	318055
007567	043077	066234	092224	122680	151116	189465	220325	253212	284507	319042
008320	044835	066476	092477	122778	151292	189485	220503	253259	284891	319705
008658	045327	066530	092630	122908	151480	190423	221535	255262	285269	319982
008778	045328	066613	092695	123003	152301	190493	221543	255599	285932	320763
009046	045480	066707	093302	123049	152513	193438	221720	255761	287307	321773
009772	046456	066789	094260	123607	154001	193941	222217	255787	287467	322580
010113	047234	067618	094813	123616	154425	194101	222431	255799	287760	324655
010747	047263	067790	096404	124923	154764	194193	222734	255813	289505	325180
011153	047672	068474	097032	125141	155870	194346	223256	256095	290351	325738
011203	047676	068909	097151	127516	156208	194691	225244	256309	290975	325953
011660	047903	069878	097203	127833	157052	194892	225304	256582	291021	325958
011762	048002	069976	097580	129050	157432	195086	226585	257189	291246	326246
011835	048273	070123	098399	129739	157553	195131	227405	257445	291446	327205
012450	049329	070916	098453	130424	157726	195222	230542	257696	292454	327469
012460	049548	071031	099151	131810	158094	195545	231195	257931	293006	328102
015297	049928	071937	099773	131900	158755	195751	231359	258621	293793	329110
015659	049942	072222	100424	132990	160212	195949	231794	258996	294512	329481
016239	050160	072568	100953	134491	161121	196274	232067	260106	296981	329534
017094	050191	073940	104260	134899	162660	197094	232496	260481	297151	330538
017118	050260	074639	104741	135357	162664	197463	234814	261030	297913	330762
017237	051335	074771	104792	136498	162720	198124	234874	261552	298043	331594
017393	051607	076276	105835	136656	162968	198273	236639	261573	298065	331601
018998	051888	076673	105858	136857	164601	198458	238309	263922	298714	331678
021236	052027	077467	106664	137216	164657	198509	240648	265418	300220	332230
021706	052193	078590	106875	137592	165391	198702	241300	267175	301716	332724
023658	053195	079151	107005	137802	165674	199297	241645	268244	302106	332905
023840	053292	079645	107862	138919	166801	199852	241705	268412	302246	334236
024637	053708	080292	108170	139058	167738	200756	241709	268854	302875	334367
025094	054533	080407	108842	139242	169018	201261	241820	268951	302990	334725
025147	054901	081112	110434	141083	169175	202609	243312	269047	304705	335544
025292	055471	081375	111209	141211	169656	203169	243679	269230	305536	335915
026159	055938	081994	111240	141446	169853	203230	244187	270453	305592	336820
027638	056483	082389	111684	141566	170475	204363	244723	271121	305933	336823
028945	057184	082790	111692	141711	170761	204812	245023	271890	306310	337418
029256	057713	082924	112362	142101	171746	205224	246381	271974	308264	337655
030615	057950	084219	112739	142620	171800	206200	246466	272156	308462	337658
030859	058196	086447	112963	144403	173055	206781	246953	273821	308852	338821
032000	058762	086927	113526	144993	173321	208902	247625	275241	309338	339047
032236	058965	086965	113716	145013	176732	209079	248620	275656	309445	339485
034287	059495	087302	114318	145369	177226	210077	249264	275993	310630	340151
034471	060537	087305	114575	145398	177396	210984	249740	280031	310745	340459
										
										
340862	364255	397692	428275	459242	483289	511409	542257	572016	597349	626087
341700	364999	397836	429601	459386	483340	512486	542549	573316	598101	627768
342550	365435	398711	429651	459404	484607	512791	543532	573340	598377	628510
342706	365515	400108	430190	460341	484748	515303	544471	574361	598567	628639
343097	365529	400546	430251	461087	485761	515945	545244	574465	598823	629264
343333	365827	401608	430381	461703	486147	516337	545438	575675	599035	629303
344155	365958	401908	431086	462209	486370	517932	545456	575903	599102	629351
344351	366279	402068	431893	462233	487584	517971	546815	576616	599918	629639
344440	366881	402246	432807	462454	488316	518537	547105	576662	600224	630081
344595	367211	403056	432853	462714	488676	519440	547840	578207	600434	631632
344884	367384	403308	433393	463184	489832	519839	547912	580526	600673	632514
344924	367444	405404	434499	463350	489908	520520	549334	581035	601330	633758
345919	368958	405776	434663	463557	490551	520528	549786	581280	601443	634077
346047	369655	407324	435568	464158	490756	521128	550232	581850	601925	634471
346179	369660	407363	436615	464713	492666	522181	550326	582283	602694	635610
346650	370114	408034	437151	464873	493447	523128	550781	582379	602923	636155
347037	370492	408289	437643	465407	493799	524702	551775	582533	602963	636315
347876	370718	408293	439885	465860	494857	524775	552349	582776	603678	636319
348410	371174	408616	440612	466632	494908	524860	552604	582939	604523	636586
348966	371354	409210	440990	467357	495348	525336	552818	583393	604610	637997
348978	372982	410612	441258	467604	495766	526182	552979	583988	604702	638142
349278	373030	411337	443060	467663	497002	527089	553130	585144	606325	639464
350149	373366	411706	443116	467808	497269	527097	553437	585818	607161	639709
350399	374409	411822	443564	468357	497306	527312	553824	585902	607349	640292
350539	375470	412986	444206	468526	497382	528958	554536	586331	607841	640940
350680	376452	413924	444469	469206	497709	529979	555187	586555	608738	641252
351055	376597	414473	444908	469295	498459	530131	555927	587024	609207	641794
351388	377124	416906	445504	469758	498562	531322	557114	587172	610846	642450
351525	378357	417044	446237	470000	498729	531357	557229	587341	611587	642675
352480	378476	418528	446238	471105	498958	531563	557423	587698	611678	643198
352946	379620	418635	447257	471522	499105	531730	557670	587711	611907	643544
353052	379625	418655	448172	471806	499278	531896	558701	588332	612671	643835
353135	379765	418781	448812	471836	499369	532250	558881	588879	612955	644022
353586	380629	420716	450177	472034	501219	532449	559966	589342	613639	644113
353771	381934	421131	450483	472040	501378	532704	560293	591003	615212	645232
354771	382591	421708	450664	473063	501877	534683	560726	591129	615998	647193
355986	383386	421796	450839	475460	502461	534865	560748	591652	616705	648983
356324	383410	421916	451017	476006	502883	535370	561356	592178	616730	649230
356663	384121	422743	451164	476393	503491	535729	562624	592453	617522	650960
356967	384647	422798	452183	476611	503688	536062	562741	592873	617588	651246
357368	385304	423407	453481	477616	504079	536441	563057	594317	618756	651409
358236	386177	423802	453908	478272	504737	536446	564755	594425	618875	651714
358278	388403	424173	454064	478802	506956	537472	566069	595816	619615	651761
358684	389011	424344	455104	478874	507199	537633	566895	595826	620907	653376
360479	389370	424443	455404	479208	507386	537652	568041	596226	622279	653642
361753	389863	424691	456574	480443	507925	538190	568298	596294	622282	655336
362010	390675	425578	457195	480655	508158	539257	568371	596375	622878	655976
362247	393763	425889	457225	481042	508310	539683	568595	596407	623759	656232
362553	394274	426077	457423	481318	509486	540107	568718	596518	624077	656668
362615	395254	426962	457608	481658	509737	540521	568732	596622	624253	657106
362735	395415	427810	457989	481729	510115	541714	570813	597185	625149	659550
362925	397405	428201	458746	482778	510892	542015	571143	597319	625702	659572
										
										
659898	687783	725441	757691	788252	827046	859296	892677	922550	956708	980642
660387	688093	725810	757945	791219	827780	859985	892907	922571	956982	980651
660414	688539	725922	759288	794662	828101	860120	893044	922807	957070	982203
661521	688900	726429	760626	794882	829804	860123	893199	930485	957144	982323
662293	689872	726594	761196	796352	829840	860352	893541	930861	958024	982866
662317	689978	729546	762501	797834	829855	862724	895757	931124	958399	982961
663120	690378	729663	762712	798316	829890	862949	896036	931624	958834	983060
663790	690603	730892	762961	798514	829920	866165	896342	932066	959599	983576
663924	693002	730909	764457	798564	830240	866272	896550	932213	959970	984080
665495	694181	731605	764844	798812	830637	866410	897198	933913	961013	984270
665550	694578	731810	765298	798852	831557	866813	897392	934279	961194	985209
665752	695055	732048	765599	799320	831760	867055	898674	934482	962313	985755
666299	695347	733528	766361	801007	832209	867446	899077	935698	962688	986003
666681	696139	734762	766744	801195	833077	869786	899519	935963	962748	986674
668036	696351	735458	766826	802227	833445	871418	900857	936120	962884	987150
668046	697140	735650	767556	802655	834675	871906	901851	936248	963371	987589
670002	697693	735716	768457	804849	836143	872585	902037	936477	964149	988362
670328	697813	736254	768858	804859	837541	873000	902114	937310	964279	988399
670333	698026	737399	769027	807117	837643	873399	902600	937894	964876	988405
670467	700327	738883	769131	807549	838072	873758	903008	938415	964951	988502
670504	700759	738997	769189	807785	838933	874113	903740	939335	966084	988609
670842	703623	739237	769628	807891	841025	874752	904220	941212	966108	988627
672054	704696	739564	769723	808221	842785	875255	904297	942034	966641	988669
673105	705653	739775	770747	809503	842793	875481	904752	942331	966839	988757
674668	707430	739909	771755	810004	844606	876613	904818	942650	967639	988764
674713	707952	740574	771861	810278	844635	876852	906171	943309	968160	989951
674850	708318	741040	772858	810630	844947	877704	906551	944780	968687	990136
675300	708586	741949	772968	810786	844953	878020	907112	945147	969344	991493
675572	709088	742540	773386	813685	845342	878479	907202	946444	969954	991571
675647	709499	743353	778801	814048	847918	878864	908056	946941	970026	993410
676103	711068	743521	778935	814585	847985	878893	908246	947495	970551	993548
676506	711200	743614	780662	815963	848393	879389	908344	947988	970819	993650
676790	711339	743964	781125	816015	848422	882125	908707	948552	971123	993809
679025	712840	745023	781999	816365	850746	882223	909865	949299	971368	994746
679372	713298	746103	782296	816714	851353	882319	910789	949528	972453	994803
679749	714927	746392	782988	817053	851479	882382	911958	949691	972484	995886
680012	715676	746779	783180	817557	851631	882671	912477	950034	973433	996819
680193	716379	747129	783690	818268	852458	883302	912873	950209	976157	996836
681272	716876	749142	784340	819660	853089	883833	914684	950251	976973	996883
681686	717507	749372	785031	820125	854105	883879	915742	951131	977140	997012
681828	719060	750420	785551	820149	854787	886975	915771	952251	977425	998029
681838	720082	750628	785739	820399	855321	887317	915959	952303	977467	999106
682201	720146	750905	785799	820962	855948	887769	916496	952367	977627	xxxxxx
682253	720478	752121	785839	821146	856655	888253	917699	953087	978171	xxxxxx
683321	720529	752414	786176	823228	856693	889874	917845	954579	978279	xxxxxx
683867	721586	752792	786536	824062	856983	890528	918146	954799	978557	xxxxxx
684545	722764	754513	786554	824879	857020	890717	918151	955071	979875	xxxxxx
684670	723491	754915	786868	824942	857194	891365	918299	955696	980017	xxxxxx
684918	723822	754934	786903	826044	857983	891744	919225	955971	980051	xxxxxx
685611	723945	756544	787393	826060	858548	892179	919642	956044	980400	xxxxxx
685967	724874	756833	787427	826188	858903	892434	920151	956482	980631	xxxxxx
