                     DRAW OF Rs.750/- PRIZE BOND

		        HELD AT Karachi
Draw No:90th
Series:	Common Draw					Date:15/04/2022

----------------------------------------------------------------------------------



First Prize of Rs.1,500,000/-



394635
----------------------------------------------------------------------------------



Second Prize of Rs.Rs.500,000/- each.

207865      529894    829039

----------------------------------------------------------------------------------	

										

1696 Prize(s) of 9,300/-  Each

000021	026672	052208	083310	118387	145872	172361	207054	233761	259273	290370
001120	026721	052222	084018	118924	146345	172470	207178	234118	259878	290707
002879	026776	053026	084265	118985	147073	173805	207959	235115	260488	291522
002981	027374	053040	084922	119416	147285	174014	208966	235253	260639	293041
002983	028063	053489	086008	119428	147343	174028	209075	235415	260817	293365
003021	028248	055511	086482	119668	147431	174358	209127	235837	261117	293691
003166	028263	057531	086646	119758	147520	174363	209321	236125	262194	293748
003516	028303	057616	086668	120377	147541	175235	209650	236169	262279	295100
003676	029021	058263	087319	121220	148174	175597	211225	236452	265490	295322
003912	029213	058511	091017	121247	148526	176289	211587	236609	266169	296376
003986	029727	059032	091410	121933	148611	177122	212762	237306	266548	296434
004312	029905	059424	092709	122246	149170	177283	213017	238782	267046	296688
004486	030633	059961	094167	123178	149223	177589	214259	238834	268124	297702
005551	030778	059975	094247	123191	149729	179438	214283	238948	268788	299051
005740	031771	060132	094255	124016	150003	180046	214570	240255	269187	299659
006068	031794	060363	096279	124929	150893	181386	215655	240551	269744	300557
006131	032165	063089	097250	125484	151773	181603	216005	242127	270407	300996
006484	032215	064965	097280	125795	151944	181853	216118	242611	270569	301088
006778	032900	065072	097758	125827	155803	188484	216722	243538	270644	301254
007352	033893	065390	098300	127699	157096	188952	216810	245131	271189	301761
008213	034298	065425	099141	128062	157224	188981	217138	245328	271660	301783
009807	035494	065430	099595	129395	157961	189289	217684	245449	272918	303900
010355	036112	066146	100013	129696	159252	190085	218210	245704	275781	304189
011079	036323	066794	101144	129885	159504	190805	218395	246026	275872	305214
011345	036483	067119	101912	130093	159548	190928	219838	246645	276046	305623
012370	037389	067447	102359	130456	159796	190985	220233	248440	276297	308246
012681	038109	067556	104832	131188	160277	192869	220556	248503	276586	309307
014086	038708	068027	106536	131875	160758	192879	221224	248815	276826	310456
014950	040245	069703	107311	131979	160885	193627	221247	249165	276961	310710
015324	040315	069815	107472	132342	161481	194640	221891	249242	277164	311380
016167	040519	069872	108048	132458	161519	194791	222486	249636	277273	311472
016391	041223	070320	110307	132873	161748	195346	225457	249701	277690	311901
017654	041539	070619	110831	132900	161908	195932	225691	249798	277783	312857
018278	041587	071642	110885	133233	162816	198430	225714	249956	278393	313077
018805	042968	072162	110997	134240	162826	199581	225761	250042	279160	313346
019054	044830	074133	111227	134357	163324	200053	226250	250267	279258	313348
019972	045675	074960	112495	137675	163632	200826	226547	251335	280968	313794
020375	046827	075645	112789	138994	163969	201016	226770	251744	281513	313828
021212	047214	075881	113016	139144	164303	201376	227896	251745	281757	314343
021835	047264	077460	113245	139254	165387	202375	227939	251775	282448	314969
022234	048258	078354	113371	140829	165643	203499	227955	251840	282626	316094
023390	048398	080212	113792	141044	165663	204038	228163	252861	282650	316188
023693	048894	080239	114816	141850	165759	204550	229824	252967	283439	316423
024487	049006	080282	115975	141905	166604	205093	230531	253847	283928	316821
024861	049245	080428	116034	142864	167486	205194	230990	254086	284393	317023
025880	049762	080607	116427	143822	168425	205379	231785	254169	286516	317202
025935	050306	080637	116742	144349	168924	205411	231909	255917	287091	317216
026373	051274	081005	117153	144689	170350	205792	231981	255985	288939	317320
026515	051545	082211	117204	145187	172164	205849	232495	256927	289656	317895
026580	052006	082942	117963	145253	172326	206994	233224	258824	290143	319983




320785	349962	374199	403677	437296	465123	493103	526600	557082	588064	618777
320789	350296	374369	403791	437956	466929	494775	527169	557179	588408	619056
321549	350430	374984	404997	438509	468861	495569	527621	559018	590160	619963
321933	351616	375331	405562	438923	468916	496026	528563	559956	590286	620437
322681	352252	376221	405610	439046	469276	496149	528689	560330	590296	620754
322933	353217	376379	406027	439495	470425	496487	530904	560539	590315	622246
323707	353723	377270	406256	440334	470464	497454	530998	560566	590339	622846
323856	354436	378508	407670	440504	470920	497580	531252	561108	590926	624208
323944	355096	378600	408120	440841	471123	497929	532875	561225	591714	624779
324250	355813	380752	408132	440973	471600	497977	533069	561566	592252	624800
325653	355901	380941	408598	441212	472991	499173	533112	562134	592260	624890
326743	355912	382414	409573	441458	473671	500864	533663	562197	592881	624972
327138	356253	382418	409786	442244	474693	501082	533670	562254	594325	625345
327603	356268	382960	410293	442772	475056	501186	533996	562584	594788	625961
329421	356368	382974	412014	443356	475186	501433	534535	562740	595848	626320
330444	357181	384311	413167	443514	475388	501977	535127	562819	596204	626621
331093	357832	384314	413919	443968	475585	502776	535563	564303	598777	627494
331216	358282	384666	413936	444513	476165	502981	535576	564906	600049	628323
332143	358358	384781	414101	445841	476567	504385	535654	566746	600169	628632
332340	359346	385404	414249	446456	476828	505247	537305	568029	600267	629004
332538	362468	385814	415213	446483	477133	505450	537416	568544	600546	629719
333899	362622	386139	415664	449275	477276	508205	538116	570534	600756	630462
334493	363326	386244	415708	449660	477448	508622	538686	570546	601845	630559
335129	363480	388424	417471	450192	477470	509645	539060	570588	602040	631090
336041	363998	388849	417516	450328	477994	509693	539793	571248	603345	631180
337136	364239	388861	417533	451091	479939	510699	539915	571963	604353	631469
337589	364407	388976	419016	451191	480320	511454	540108	572100	604681	631863
338532	365178	388998	420013	451847	480673	512059	541193	572292	605358	632238
339049	365295	389542	420367	452044	481133	513663	542116	572297	605598	632921
339373	365436	389579	422313	453666	481212	514040	543167	573341	605610	632964
339772	366091	389639	422930	453999	481749	515055	543361	574373	605783	633647
340336	366202	390112	423013	454090	483489	515301	544125	574641	606067	633651
341438	366702	391523	423279	454562	483570	515460	544588	575589	606265	634051
342691	367026	391876	423397	454848	485836	515875	545426	575803	607787	634352
343384	367061	392296	423550	455123	485896	517231	546581	576013	608253	635239
344041	367289	392370	424066	456135	486166	517615	547462	576811	608469	635243
344179	367346	392684	424400	456303	486837	517705	548353	577190	609556	639043
344802	367700	392756	424546	457511	487193	518059	548812	577676	610640	639828
344977	367867	392824	425351	457547	488833	518794	549168	577960	611172	640289
345972	368885	395272	426023	458017	489126	520267	550014	578628	611308	641282
346105	368995	396671	426082	458267	489513	521548	552478	579034	611504	641656
347056	369509	396836	427300	458269	490143	522523	553138	579577	611754	642190
347415	370003	397150	428385	458405	491038	522836	554026	579667	612159	642835
347513	370345	397371	431835	458761	491945	522855	554094	580269	612400	642964
347803	370585	399206	432047	458877	492456	523329	554897	581623	613090	643362
347885	371820	399438	432593	460439	492577	523672	555588	581868	614066	643719
348453	372721	399680	433571	460818	492812	523868	555824	582097	615434	643911
348632	373467	402595	433948	460878	492901	524090	556135	582682	616046	644370
348934	373702	402701	435429	462687	492920	524596	556535	585724	616208	644958
349769	373877	403640	436680	464637	492940	526076	556776	586140	617426	645661



646478	676351	706718	743324	770125	802521	829942	862468	892920	922665	947422	969434
647313	676768	706737	743505	770809	803541	830213	863806	892981	922968	947501	969483
647442	676885	708198	744738	771748	804658	830221	864108	893346	923046	947755	970192
647479	677527	708849	745034	772232	805345	830469	864372	893547	923184	948160	971801
649234	678009	708926	745523	772259	806259	830717	864434	893560	924235	948986	972217
650281	678349	709302	745616	773268	806291	831027	864714	895102	924278	950285	972434
651876	678479	711114	746429	773328	806588	831452	865269	895327	924340	951840	972519
652256	679769	711305	746715	775144	808195	831837	865287	895516	924656	952041	972669
652258	680243	711853	747896	775268	808360	832426	865619	895755	925160	952665	972753
652422	681956	712490	748406	777164	808948	833024	866150	895979	925201	953394	973785
652495	683260	714032	748483	777187	809356	835525	867223	896283	925804	954022	974128
653988	683782	715119	748641	777921	809975	835724	867527	897254	926623	954571	974320
654335	683846	715332	748945	778636	810654	835853	868001	897272	927612	954708	974480
654450	683905	715668	749127	778694	811372	836956	868801	897956	928665	955072	975037
654821	685027	716189	749743	778970	812362	837710	869410	900233	928753	955337	976572
655344	685720	718656	750657	779201	812635	838224	869573	901129	928979	955907	978420
655924	686046	718782	750943	779568	813013	838284	870083	902310	929185	956051	978773
656857	686235	718893	751484	779814	813367	838315	870339	903311	929472	956054	980704
656949	686329	720245	751490	780523	815035	838716	871059	903712	929597	956569	980736
657219	687007	720308	751906	780694	815354	840113	871638	906986	929724	957881	983702
657960	689599	721916	751980	780909	815651	840171	873104	907433	930220	958055	984705
658276	690173	722311	752317	781577	816887	840251	873107	907686	931401	958209	984766
658437	692238	728140	752526	783971	817049	840337	873653	908133	931850	958555	984841
658518	693337	728260	752634	784688	817492	840974	873905	908161	931885	958997	985532
658841	693437	729005	753282	785053	819124	843305	874024	908616	932674	959361	985803
658947	693565	729157	754060	785607	819223	844779	875616	908631	933327	959428	986203
659054	693729	730569	754200	786134	821229	846720	875942	910984	933619	959450	986470
659960	693904	730963	754648	786504	821291	846843	876381	911312	934152	959736	987036
660005	693962	731024	755493	788589	821761	847051	876778	913024	934651	959865	990200
660346	695223	731300	755750	789947	821824	847560	877210	913234	935022	959958	990332
660355	695435	731306	756014	790004	821896	847967	877758	913670	935131	960203	991224
660563	695719	731933	756148	790513	822136	848667	879239	914352	935452	960294	991449
660700	695898	732473	758300	791127	822670	849568	881590	914670	937069	960471	992513
660756	696185	732837	759002	793450	822944	849889	882546	916234	937416	960546	992960
661332	697485	732912	759288	795094	823304	850823	882551	916263	937587	960799	993172
661781	698410	733333	760006	796137	823727	850848	883032	916620	938309	961018	994157
662326	698760	734757	760646	796357	823873	850968	883127	916696	938711	962094	994304
663322	699052	734929	761245	797269	824959	851240	883549	917209	939190	962431	995042
663964	699876	735099	761420	797436	825383	851922	884863	917935	939249	963120	995260
664854	700797	735664	762361	797771	825684	852865	885124	917952	939376	963129	995438
665136	701367	736098	763299	798192	826260	854562	886264	918163	940105	963660	996457
667320	702441	736682	764075	798287	826370	854590	887465	919143	941002	964650	996486
668845	702662	737163	764791	798331	827531	856563	887543	919660	941060	964764	996744
669507	702865	737580	766069	798444	827759	856796	887908	919953	941661	964907	997210
670635	702928	740240	766481	799361	828054	856948	888137	920625	943043	964969	997428
674324	703358	740674	766709	799417	828155	857151	888170	920783	943586	965213	998062
674794	703616	740889	768185	799896	828563	858050	888739	921193	944007	966309	XXXXXX
675074	703932	741056	768666	801074	829070	860416	888745	921220	945047	967139	XXXXXX
676164	704837	741637	769048	802351	829148	860722	890166	921836	945273	967902	XXXXXX
676202	706093	742907	769410	802463	829411	861133	892173	922548	945854	968256	XXXXXX
