           DRAW OF Rs.750/- PRIZE BOND
                  HELD AT KARACHI
Draw No.:  81st                                                
Series  : COMMON DRAW                        Date : 15/01/2020

--------------------------------------------------------------
First Prize of Rs.1,500,000/-

958892
--------------------------------------------------------------
Second Prize of Rs.500,000/- Each 3 Prizes

515888   558129    943879
--------------------------------------------------------------
Third Prize of 1696 Prizes of Rs.9,300/- Each

000339	030252	059902	094372	128469	156734	186028	223593	254139	275884	305727
001738	030349	059999	095647	129644	157259	186933	223599	254734	276356	306384
002068	030402	060213	095669	130165	157759	187128	224586	254933	278841	307953
003590	030934	061372	097528	130338	157795	187426	224818	255138	279329	307987
003829	031965	062064	097654	131551	157995	187574	225119	255369	279915	312050
003846	032771	062217	098856	132047	158146	188021	225951	255663	280063	313511
006025	033933	062484	099116	132234	158158	190348	226013	256479	280399	316498
006526	035546	063214	099849	132266	159653	191865	227052	256674	280489	317786
006879	036063	063527	101156	133240	159793	192013	227078	256940	280810	318051
007001	036173	063909	101298	133361	160671	192775	227527	257152	281287	318427
007343	036290	064307	101565	133718	160816	193350	227824	257438	281313	319451
007397	036490	064719	101799	133979	161728	193360	228512	257545	281340	319976
007442	037012	065020	101806	134349	162080	193410	228884	257601	281391	320511
007841	037602	066272	101967	135045	162650	193615	229020	258319	281804	320818
008045	038158	066876	104606	135450	162728	193747	230041	260185	283478	321051
008227	038343	067272	104619	135787	164085	194425	230274	260228	283717	321398
008331	039080	067446	105119	136777	164382	195577	231067	260498	283964	321746
008688	041166	067670	105628	136818	164440	195765	231294	261159	284178	321790
009091	042789	068531	106095	137343	165170	196368	231412	261321	284902	322592
009220	044233	068739	106849	137348	165372	197816	231929	261393	285098	322771
009270	044617	068776	107066	139305	165800	199352	233162	261681	286819	325476
011034	045154	071574	107233	139643	165868	199761	233718	261832	287087	325495
011563	045264	072537	107548	139848	166309	200516	235239	262502	287763	325681
012895	046062	072636	107817	140225	166719	200914	235250	262532	288304	326015
013161	046146	073634	107867	140348	166847	200975	235479	262585	288509	326056
014013	046416	074674	108655	140363	167648	201175	236723	263229	289132	326226
014311	046995	075650	109162	140644	168258	201215	237233	263493	289731	326998
015882	047302	075814	109557	141565	168579	201341	237467	263567	289881	327551
016011	047653	076249	110147	142329	170534	202825	238183	263723	290047	329017
016110	047879	076484	110795	143255	173060	202873	238751	264268	290325	330499
016184	048002	076673	111802	143299	173718	203033	241238	265209	291959	331200
016566	048456	077465	112134	144180	173721	203038	243119	266124	292030	331526
017887	048611	078701	113650	145256	174124	203630	244128	266806	292178	331694
018014	048999	081222	114198	145345	174315	204476	244205	267170	292882	332043
018976	050029	081223	114550	145762	174676	204976	244928	267237	293722	333071
019121	050229	081481	114643	145851	175559	204993	246087	267295	293740	333524
019300	050601	081926	114747	146018	176356	208329	246373	269136	293921	333645
019643	050751	084812	114763	146233	176417	208670	247485	269278	294113	334340
020993	051807	084892	119526	147411	177445	208961	247776	269542	294484	334641
021006	052003	085127	120259	147427	178543	210227	248286	269646	298350	334870
023996	052925	085484	120597	148376	179245	210274	248911	271026	298667	336034
024204	054102	088028	121413	149413	180221	210413	249552	271489	299083	336420
026016	054481	088680	121492	150299	180693	211022	249679	271706	300445	336448
026613	054852	088724	122777	150486	181864	211035	249708	272399	301698	336680
026620	055101	088727	123106	150582	182044	213009	250061	273019	301804	337716
026626	055448	088879	123350	150953	182221	215502	252165	273277	302640	338025
026727	056526	089658	123651	151892	182824	216482	252418	273505	302824	338240
027531	057964	090097	123860	152278	183012	216873	252959	274834	304710	339392
027732	058319	092210	125666	152621	183659	216940	252993	274875	304968	339641
028000	059325	092367	125672	153514	184610	217482	253028	275033	305005	340331
028184	059549	093763	126593	155100	184842	218368	254040	275217	305009	340491
028385	059573	093920	127635	155160	185122	221828	254108	275616	305617	340629



341013	369637	400112	429153	465677	498556	523524	558545	584186	613685	646224
341442	369965	400234	430549	465905	499805	524306	558728	584228	613805	646626
342038	370540	402140	430716	465914	499901	527123	558822	584639	614290	647270
342441	370925	402822	431313	466550	500203	527878	559136	586485	614751	648363
342461	371306	402856	431574	467929	500215	528046	559478	587011	616189	648493
342545	371822	403055	432385	469132	500244	528794	559558	587024	616482	650127
342677	371935	403934	432577	469994	501177	530700	560441	587376	616642	650291
343677	373402	404090	432870	470700	501325	531464	563290	587988	617003	650391
343816	373409	404925	432989	471227	501933	532246	563766	588106	617619	650585
344502	373750	405380	434457	471796	501981	534662	564451	588558	617819	650928
345969	374027	406163	435939	472530	502613	536149	564530	589534	617831	651653
346610	374171	406259	436749	472929	502733	537018	564749	589558	617836	652933
346824	375488	406510	437672	473259	502862	537033	564782	589658	618017	654396
348978	375727	407016	437944	474426	503023	537628	565464	589838	618079	654606
349305	376266	407822	439026	475340	503187	537700	566445	590140	618713	654677
349702	376439	407828	439360	476178	503913	537759	566746	590505	619405	656723
350140	376761	407886	440067	478263	504277	538792	567824	591760	620955	657190
350673	376774	411078	440684	478494	504653	539039	567924	591801	622495	657584
350821	377627	411672	441229	480074	504793	539982	568067	592334	623662	658021
351160	378202	411814	442097	481635	505088	540875	568558	593075	625582	658271
352499	378530	411875	442790	483802	505534	542226	569405	593137	626379	658421
352843	378901	411961	444028	484279	505794	543067	569922	593343	626479	659190
353309	379822	412041	445696	484319	507050	543306	570884	593741	628174	659226
353550	380430	412469	445903	484786	507330	543527	570903	594237	629411	659533
353598	382004	413106	446791	484991	508241	544150	572988	594669	629509	659645
353747	382225	413861	448668	485008	508398	544474	573593	595324	630381	660447
353878	382469	413988	449468	485124	508558	545472	575167	595703	630813	661848
354480	383200	414300	450272	485605	508616	545591	575276	596197	631701	662324
355202	384065	415815	450278	486168	508764	545954	575339	598187	632412	662486
356850	385359	416365	450541	486264	509173	546300	576272	599197	633321	662681
357883	385551	417927	451574	488952	509705	547288	577755	600074	636206	662723
358518	386090	418097	451590	489012	509794	547335	578121	600678	636537	662872
358572	386656	418296	451595	489309	510212	547899	578222	600979	636634	663344
358988	386949	418469	451680	490491	511489	548384	578619	602040	636708	663555
359347	387097	419433	453511	490568	511959	548763	578672	602852	636900	663768
359549	387499	419465	454548	491035	511991	551209	578843	602886	637057	663895
360230	387587	420138	454938	491086	514578	551212	579086	603381	637525	664166
361478	388123	421067	455192	491484	515199	551280	579654	603778	638143	666865
361837	390107	421336	457283	491711	515578	552261	579896	604215	638328	668108
362239	390974	421610	457417	492609	516514	552521	579916	604344	638600	668839
363801	392017	422403	457827	492641	517318	552651	580382	604412	638967	669208
364962	392069	423155	458472	492679	517639	552687	581096	604867	639231	669633
365192	393060	423348	460074	493215	518630	552897	581356	605908	639317	670274
365942	393128	423562	460550	493349	518793	553506	581820	606174	639486	670592
366489	393259	424147	460603	493620	519578	553660	582224	607291	641057	670869
366849	393659	425131	461252	494576	521157	553817	582228	607934	641285	670879
367100	393870	425558	462542	494586	521440	553875	582421	608166	642649	671685
367559	394082	425890	463617	494769	521842	554253	582425	611068	643103	672361
368329	396609	426755	464298	495102	522265	554395	582523	611361	643216	672994
368796	396849	427440	464968	495646	522706	556466	582544	611742	644001	673430
369362	398977	427500	465005	496550	523169	557115	583645	613034	644073	674160
369442	399652	428008	465165	497213	523466	557477	583929	613536	644254	675300



675751	702257	737386	760216	790970	821099	849762	877347	915571	946891	982899
676211	702475	737678	760891	791089	821105	850571	877475	915926	947018	983007
676344	704572	737767	761253	791179	821826	851164	877680	916319	947713	983138
677171	705311	737991	761412	791779	822363	852097	877693	916928	948083	983204
677366	706315	738523	762499	791823	822381	853123	878121	919519	948784	983573
677525	706399	738995	764245	793021	822995	853725	878240	919878	949051	983858
677662	707761	739351	764666	793482	824339	854199	879234	919911	951320	983977
678158	708074	740525	764879	794424	824896	854706	882044	920789	952328	986300
678383	708399	740827	765185	794818	825293	854848	882488	920829	953341	986477
678605	709467	742185	766810	795364	825437	854902	882680	921294	953906	986793
679250	710216	743035	766972	795448	825502	855382	883392	923100	954096	986865
679413	710320	743116	768928	795544	825752	855516	885444	924428	954406	987560
679917	712035	743473	769134	795738	826165	855789	885940	924863	955250	988259
679977	712848	746368	770736	795765	826846	856356	888364	924932	955278	988495
682744	714612	746574	772091	796058	827241	856406	889033	925151	955708	988803
684894	715171	746707	772834	796072	827516	856803	889882	925414	956645	988901
684937	715847	746745	773526	797329	827579	856842	890182	926257	958138	989264
685339	717459	746750	773928	797469	827658	856893	891999	926348	958878	989279
689435	717545	749042	774079	798709	827774	857066	893285	926469	959199	989323
689988	718269	749138	774256	799128	828049	857825	893960	926655	959984	990027
690389	719926	749460	774386	799256	828682	858810	894040	926805	960138	991128
690555	720003	749719	776170	801116	829185	858853	894898	927035	960578	991545
691282	720237	749800	776194	801392	830742	859527	896849	927366	960946	991764
691489	720828	749924	777055	803594	831606	859830	897232	928347	961286	991826
691519	721197	750139	777669	805206	831874	861319	897679	928776	961862	991905
691745	721398	750498	778461	805396	832686	861557	898896	930734	963124	993381
692007	721728	750505	778811	807241	832770	861700	899534	931433	963845	994446
692107	722345	750537	780367	807816	833508	861874	900477	932380	964675	995072
693006	722350	750607	780658	807869	833996	862356	900729	932865	964844	996566
693129	722434	750700	780710	808155	834256	862840	901353	933694	965087	997252
693160	723212	750870	782038	808213	835558	863454	901961	933781	966137	998781
693179	723334	751665	782861	809842	835674	863658	902651	933796	967216	999933
693266	723450	751735	783009	811211	835727	864428	902675	934151	967531	XXXXXX
693415	723705	752549	784026	811820	836367	865282	903399	934822	967672	XXXXXX
694144	723785	753199	784773	812037	836734	865518	903489	934952	967788	XXXXXX
694569	725018	753391	784899	812315	837686	865804	903969	935338	968782	XXXXXX
697700	726292	753532	785485	812559	840471	866172	904305	935385	970405	XXXXXX
698141	726886	754230	785576	813784	841562	866690	905348	936453	970811	XXXXXX
698533	727789	754341	785582	813933	841764	866872	905439	937367	971159	XXXXXX
698780	730073	755629	786057	814727	842168	868039	906317	938688	971226	XXXXXX
699003	731871	755797	787150	815027	842198	868669	906343	939471	971304	XXXXXX
699160	733127	755961	787172	815616	842207	869001	906730	940123	971961	XXXXXX
699187	733593	755997	787487	815643	842770	870476	907860	940349	975236	XXXXXX
699278	734121	758419	787694	817018	842884	872342	909608	940876	977252	XXXXXX
699555	734190	758615	787716	817092	843258	872931	911259	941389	977699	XXXXXX
699674	734628	758660	787741	817758	845276	873952	911297	941400	978570	XXXXXX
699682	735200	758703	787853	818710	845957	874807	912008	942282	980445	XXXXXX
700021	735286	759014	788210	818851	845974	875403	913745	942314	981046	XXXXXX
700046	735556	759267	788912	818966	846324	876634	914047	942833	981529	XXXXXX
700051	735825	759298	789250	820341	846345	876873	914118	943398	981548	XXXXXX
700565	736662	759451	789252	820395	846540	877045	914852	944182	982738	XXXXXX
701361	736686	759672	790698	820690	849305	877110	915203	945151	982850	XXXXXX
