              DRAW OF Rs.750/- PRIZE BOND
                  HELD AT PESHAWAR
Draw No.:  77TH                                                
Series  : COMMON DRAW                        Date : 15/01/2019

--------------------------------------------------------------
First Prize of Rs.1,500,000/-

479780
--------------------------------------------------------------
Second Prize of Rs.500,000/- Each 3 Prizes

 121611   223172	553151
--------------------------------------------------------------
Third Prize of 1696 Prizes of Rs.9,300/- Each

000907	036413	066823	103979	133699	167590	196060	223789	260843	292301	319791
001147	037260	067067	105485	134590	168109	196159	225415	261344	293973	320106
001643	037442	067313	105630	135141	169227	196289	226042	261616	294393	320120
001995	038292	067621	106173	136757	169392	196297	226120	262844	294819	320223
002402	039095	068087	106532	136801	170903	196683	227448	263264	297096	321027
002867	040459	068709	106591	137415	172248	197560	228112	263445	297795	321945
004454	040807	069184	107087	137526	172454	197714	228536	263792	298808	322200
004549	041408	071307	108495	137553	172599	199232	228618	263912	300506	322863
004828	042042	072504	108711	137614	174089	199332	229510	265579	300587	324344
008125	042527	073814	110155	138121	174232	200698	229786	267054	301257	324353
008660	042640	074192	110530	138732	174325	201680	229932	267794	301399	324827
008816	042947	074243	111879	139052	175201	201716	230722	268062	301400	324842
009506	043561	075377	111986	139155	175305	202519	231173	268519	301692	325245
011240	044510	077027	111996	139908	176240	202864	231302	268613	302765	325461
011300	045082	078772	112359	140073	176256	203600	231583	268743	303402	326177
011786	045164	079360	112748	140916	176539	203601	231747	268812	303445	326330
013471	045633	080052	112999	142417	177061	203900	232235	269066	303622	326596
013541	046696	080087	114577	142532	177254	204582	234645	270868	303710	327230
014226	047006	080126	117315	142739	177887	206069	235121	271295	304458	327437
014282	049265	081089	117550	142779	178121	207061	236123	272049	304582	328465
014416	049283	081312	117823	143501	178234	207793	236905	272881	304970	328609
014938	049617	081988	118021	144586	179234	207945	237224	273187	305733	328958
015653	049627	082435	118037	146082	179346	209869	237961	273758	306392	329134
015715	049664	082485	118531	148507	180110	210127	238106	273985	306481	330270
016259	049991	082877	119972	148521	180182	210207	239810	274116	306888	330509
017035	050888	083261	121209	149359	180520	210211	240898	275975	307148	330610
017843	051395	083737	121243	149815	180707	210230	241102	276036	307729	330713
018664	051633	085045	121431	150015	180824	210807	241206	276641	307943	332306
018734	052817	086122	121595	150237	181158	210888	242746	277236	307944	332711
018799	052977	086449	121977	150279	181899	211515	243114	277490	308758	333008
019714	053052	086736	122578	150694	181974	212265	243366	278807	309418	333032
020430	053329	087710	122803	150722	182188	212766	245733	278895	311381	335381
021270	054127	088057	123042	150738	183001	214280	247492	279156	312217	335556
021984	054662	088845	123640	152134	183192	214503	247566	280594	313708	336542
022046	055275	089944	123861	154738	183250	215198	247753	280702	313717	336657
022660	056520	091196	124076	156395	183506	215216	248601	281623	313842	338117
022756	056888	092481	125002	157181	183575	215285	249392	282919	314482	339903
022790	058073	093612	125259	157343	183616	215347	249545	284183	314553	340065
023561	058338	093983	125386	158933	183643	215851	249620	284277	314813	340329
024249	058575	094190	125954	159411	184878	217039	249928	284327	314853	340355
024303	059448	094451	126115	159974	185062	217630	250572	284763	315074	340589
025438	060157	094763	126353	160341	186490	218243	251681	285970	315204	341565
027443	060190	094787	127094	161299	187620	218759	252277	286029	315239	341660
027847	061481	095098	127153	161922	188525	219906	252599	286065	316323	342722
027889	062952	098062	127994	163831	188543	220569	253640	286210	316645	343665
029346	063478	098684	129563	164514	189609	220907	255986	286933	316772	343992
031304	063535	098699	129744	165280	190888	222409	255996	287104	316785	344401
031305	064225	099103	130839	166109	191935	222410	256735	287300	317524	344748
031639	064530	099139	130949	166211	193640	222414	257701	287428	317647	345561
032239	065904	100232	131687	166567	193849	222643	258015	288327	317755	347483
033630	066431	101565	132751	167275	194423	222974	258470	289753	317767	348031
034324	066739	102985	133144	167279	194853	223587	260226	292076	318812	348274


									
										
349209	389219	420550	448602	481712	508958	541858	574508	606351	627817	669921
350851	395924	420660	450704	481797	509500	542827	574609	606486	627832	670391
351459	396745	421055	451217	481904	509609	542833	575196	606492	629444	670819
351479	397505	421206	451616	483329	510351	543123	575209	606568	629595	670888
351564	398269	421561	451648	484034	512667	544415	577955	606720	630170	672500
351624	398662	421630	451658	484594	512675	545895	578097	607597	630954	672734
352878	398968	421948	451741	486934	512947	545953	578233	607700	632775	672855
352936	399119	423878	451923	487714	513057	546273	579125	607798	633219	673336
353216	399589	424482	452326	487858	514775	546302	579462	607860	634016	673997
353483	400001	424581	453171	488782	516635	546738	580125	608581	634682	674634
354097	400024	424905	453400	489232	518542	547355	580492	609050	635410	675087
354393	400167	425376	455146	491163	519082	547494	580967	610398	635549	675737
355098	400409	425987	458226	491626	519292	548220	581697	611006	635874	676236
355241	400505	426500	458427	492097	519383	548338	582504	612279	638158	676423
356716	400589	427068	458570	492396	519852	550953	582753	612685	640459	676527
356902	401172	427121	458752	492631	520204	551067	584216	612847	642134	676624
357590	402803	427445	460884	492745	520986	551600	584615	613098	642750	676808
359198	403337	428069	461226	494170	522069	551608	584754	613200	642810	677731
359546	403702	428688	461643	494587	522218	551653	584946	613396	644829	677815
360757	403783	428797	462071	494644	523792	551837	585264	614280	644988	678092
361591	403784	428827	462294	495252	524436	551939	585384	614618	646200	678225
361886	403860	429097	462877	495504	524854	552589	585973	615687	647069	678256
363133	404532	429412	463509	495568	525123	553932	587526	615700	647238	679593
363408	404580	429500	466175	496660	525299	554496	588283	616352	647655	680333
364368	404666	429646	466207	496716	525693	555853	588625	617782	648006	680682
365868	405545	429766	467767	497483	526333	556113	589334	617801	648093	680937
368687	405824	429803	468764	497797	527596	556630	590107	617841	648385	681005
370012	406004	430061	469559	498710	528432	557076	591625	617896	650042	681535
370286	406167	430153	469874	499015	528596	557633	593233	617995	651651	682166
371545	407243	430244	470767	499879	529703	557974	593391	618684	651832	682287
371905	407801	431073	470841	499941	530868	558643	593661	618737	652296	682488
373141	408461	431219	472858	500040	531230	559184	593706	619697	652816	682630
373758	408625	431806	472877	500131	531893	559336	594642	619945	653081	683616
374336	409269	432309	474420	500331	532066	559361	594893	619979	657704	684994
374944	409509	432678	474634	500592	532398	560332	595308	620353	658677	685708
377014	410722	432933	474854	501282	532918	560963	596268	620831	658799	686950
377035	410767	433934	474855	501326	533567	560980	596398	620898	658953	687255
377390	412092	434166	474879	501564	534490	561935	596578	620904	659121	688134
377436	412694	435573	476046	501993	534516	562045	597507	621588	659511	688529
377902	413464	437395	476797	502241	535558	563383	598229	621906	659736	688635
378380	413662	441117	476834	502867	535645	564501	598596	622230	660126	688641
378479	414411	441222	477030	503966	536101	564858	599923	622615	664154	688673
378573	414619	442014	478075	504214	536288	564896	601775	622655	664157	688931
378763	414753	442645	478673	504556	538490	566204	601985	623494	665642	689424
379977	414851	442919	479154	505047	538788	566809	602579	624118	665809	690074
380170	415634	443577	479202	505513	539232	569052	602740	625286	665964	690420
381696	416490	443778	479626	505834	539711	569377	603011	625416	665980	691174
381945	417002	444411	479781	506086	540213	570200	603933	626359	666391	691413
383597	418392	444459	480410	506350	540641	570957	604555	626544	666447	691473
384446	418654	444951	481151	506652	540767	572052	604856	626905	667309	692887
387134	419293	444997	481230	507062	541318	572153	605299	627033	667430	694170
387245	419812	448393	481554	507824	541349	573682	606068	627360	669885	694860



										
695588	729739	759869	786990	807704	836835	863952	888549	914658	952054	974838
696156	729888	760311	787864	807943	836929	863983	888845	914788	952241	975456
696177	730165	761269	787892	807995	836935	864116	889360	915457	952324	979244
697696	730769	762068	788072	808501	836971	864757	890787	916082	952712	979714
698699	730831	762132	788339	809101	837300	864973	892133	916592	952713	979737
698780	731664	762877	788812	810060	838916	865285	893971	916817	953651	980785
699507	732571	763058	788837	811404	839074	865507	894451	916990	953686	981418
699753	733352	763155	791191	811652	839152	865996	894452	917006	953733	982465
701888	734173	763288	791339	811724	839435	868441	895237	918834	954242	982705
701981	734875	764767	791431	814288	839950	868752	895559	919492	954367	982810
702032	735273	766178	791665	814473	840533	868888	896599	921288	954818	983012
702416	736867	766617	792131	817738	840993	869193	898039	922110	954886	983018
702978	737222	766672	792135	818052	841349	871153	898461	922948	954908	983067
704087	737453	766713	792887	818206	841827	871273	898934	924246	955494	983408
704435	737728	767817	792955	818238	841862	871455	899555	924660	955643	984956
705296	737878	768708	793402	818713	842204	871505	900507	925187	955936	985054
705330	737972	768815	793463	818915	843712	871907	900566	925586	957399	985198
705545	738156	769834	793907	821078	843822	872207	900709	926526	957755	985582
705693	738238	770219	795295	821829	843852	872790	900983	926903	958120	987089
706401	738463	770349	795520	821905	843986	873663	902314	928891	958569	987297
706566	739110	770459	796295	822405	844162	873758	902840	930007	958673	987575
706660	739339	770479	796402	822437	844804	874167	903487	930917	959650	989347
708271	740300	772208	796955	823832	844824	874419	903625	931525	960453	989813
708724	742065	772313	797064	824138	845631	875181	904333	931693	960834	989823
709091	742739	772396	797324	824268	845901	875750	904577	932779	962237	990286
709113	742755	773052	797789	824703	849412	876214	904666	933842	963093	990996
710766	742858	774410	798007	824731	851232	877176	905050	933850	963261	991009
711109	743372	774506	798465	824991	851664	878222	905651	934398	963332	991114
711559	743988	775322	799628	825535	851797	879003	905976	934607	963339	992338
711982	744587	776372	799664	825631	852007	879202	906394	936191	964089	992569
712188	744674	776639	800500	826304	852835	879418	906561	938611	964263	992968
714731	747043	776738	801252	826657	853803	879960	906733	938875	965136	993061
714750	747983	777354	801358	826663	853856	880068	906948	939885	965222	993706
715853	748138	777501	801439	827316	854417	880121	907092	940363	965404	994139
717422	750318	778444	801585	827390	854626	880625	907290	940997	965561	994627
717864	750977	778633	802447	828396	854903	882000	907622	941449	965888	994977
718742	751189	779556	803105	828736	855279	882951	907667	942008	966320	996152
720089	751331	780182	803343	828763	856781	882988	908000	942313	967915	996516
720173	751648	780984	803390	829064	856838	883973	908472	942662	968539	997903
720822	752053	781414	803842	829436	857144	884215	909073	942730	968704	998146
723490	752555	781681	804096	829547	857379	884520	910454	942900	968818	998687
724692	752675	782132	804235	829968	857843	885209	910600	943475	968899	998834
725013	753021	783195	804645	830094	858784	885649	910692	943691	969460	******
726687	753094	783675	804653	830999	860362	885780	910790	946193	970024	******
727560	754154	784097	805582	834181	860444	885811	911647	946970	970391	******
727599	754473	785082	805590	834209	860615	885816	911667	947096	970609	******
728159	755575	785314	806323	835239	860846	886279	912060	947976	972312	******
728601	756696	785504	806889	835646	861334	886526	912401	948322	973012	******
729043	756740	785580	806934	835753	862183	886765	913877	948389	973395	******
729365	758546	786183	807221	836153	863399	887493	914286	948713	973509	******
729604	759600	786662	807662	836696	863864	887612	914396	951472	973650	******
