           DRAW OF Rs.750/- PRIZE BOND
                  HELD AT Karachi
Draw No.:  79TH                                                
Series  : COMMON DRAW                        Date : 15/07/2019

--------------------------------------------------------------
First Prize of Rs.1,500,000/-

161158
--------------------------------------------------------------
Second Prize of Rs.500,000/- Each 3 Prizes

204877     262276     619632
--------------------------------------------------------------
Third Prize of 1696 Prizes of Rs.9,300/- Each

000998	030010	061417	093294	121465	150278	179910	211085	244579	286354	316614
001323	031077	061792	093392	121652	150388	179911	211099	245365	286370	319311
001906	032042	063890	093975	122311	150654	181281	211518	245399	286909	319571
002466	033276	067037	094092	122570	150916	181594	211966	246171	287022	319729
004794	033394	067109	094721	122676	151010	182201	212033	250298	287120	320192
004872	033673	067280	094885	122836	151362	182456	212250	250403	287177	322049
005120	034844	067319	095649	123193	151850	182508	212626	250607	287270	323213
006113	035035	067945	095858	124028	152237	182759	213013	250954	287510	323412
006355	035640	068883	096155	124386	152413	183200	213352	253223	287958	323937
007114	035778	069084	096748	125510	154356	183705	215365	253312	288692	326323
008864	036126	069520	097113	125997	154437	183749	215781	254297	289130	326854
008866	036193	070672	097822	127677	154572	185876	216237	254485	289182	327127
010302	036724	071710	098373	130384	154785	186617	216261	256566	289680	328387
011239	037358	071826	098755	131117	154883	186734	216742	257204	291372	328931
011337	037760	072332	098883	131540	154933	186824	218285	260430	292675	330231
012155	037825	073249	099156	131616	155658	186873	218324	260498	293061	330493
012189	038176	073515	099341	131918	156061	188375	218747	260741	294261	331213
012714	039386	073776	100863	133302	156628	189071	219269	265365	294574	333980
013067	040136	073878	102234	134307	157572	189078	220864	265396	295403	334239
013077	040426	075962	102497	134444	158540	190429	221064	266331	297084	334623
013100	041211	076949	103354	134938	159234	191741	222376	267131	297726	334916
013444	042052	076983	103594	135506	159970	191909	223054	267147	298167	335176
013886	043308	077015	103844	136870	160723	192395	223308	268729	298325	335409
014238	044994	077743	105251	137090	161359	193214	223727	269225	298736	335986
014361	045918	077763	105995	137773	161674	193454	224546	269241	298814	336558
014601	046358	079694	106174	137842	162408	193901	224639	269399	298893	336707
015106	046587	079845	107237	137920	162486	194238	225008	269462	299067	336945
015113	046827	080254	107931	138310	163264	194465	225568	269942	299525	337035
015584	047277	080554	108274	138374	163693	194879	226078	271499	299623	339204
015594	047308	080731	108982	138443	163977	195127	226347	271509	299712	339797
016469	047379	081257	109864	138765	165153	195605	226381	272618	302571	339849
016586	048296	081744	110142	140688	165391	196395	226399	273545	304242	341517
017415	048607	081787	111061	141641	165839	198479	227140	274198	305803	341627
017556	048624	083406	111544	142742	166431	198689	227264	274648	306086	341808
018211	050072	084418	112478	142777	166720	199049	228472	278576	306746	343298
019465	051503	084530	113051	143063	167659	199288	229290	278686	308229	343311
020665	051819	084827	113447	143312	168196	199537	229724	279329	309098	344946
020853	052333	087460	113497	143710	170659	199597	229912	279595	309971	345933
021254	052659	087496	114047	143743	172271	199881	232038	280049	309988	346008
022228	052845	087922	114214	143939	173557	200494	232942	280117	310050	346503
022644	053477	088930	114493	144156	173676	200856	235425	280476	310436	346577
023073	053788	089275	114911	144991	174083	204588	235658	280766	311113	347586
023527	054682	089813	114936	145071	174473	205261	237057	281651	311287	348304
024229	054858	090337	115464	145553	174508	205951	240185	281664	311303	348992
024547	056669	090894	115511	146376	175318	207094	241297	282114	313317	349301
025959	058104	091067	117285	146863	175478	207171	241937	282390	313656	349769
026116	058355	091404	118850	147622	175943	207597	242079	282676	313991	350269
026396	058703	091438	119468	148259	176357	207844	242526	283391	314792	350901
028021	059815	092749	119958	148291	177221	207863	242937	283594	315529	352315
028178	060783	092787	120352	148590	177534	208362	243542	283826	315570	352336
029692	060986	093004	120572	150032	177980	208772	243597	284996	316017	353375
029708	061035	093062	121134	150067	178522	210084	244372	285625	316382	353539



353828	386774	419450	445021	474676	499508	531320	560734	589271	618202	651090
354264	387280	419689	445086	474684	500627	532225	560991	589552	618601	652466
355711	388692	419809	445378	477221	500708	532712	562266	589791	619129	652712
355839	389921	419829	445601	478682	500880	532741	562674	590354	619388	652805
356649	390859	419849	446267	478926	501027	533073	562932	590709	619879	653622
356711	390910	420819	446541	479154	501680	533638	562966	591408	621296	653843
357611	391353	420871	446607	479490	501855	533678	563184	592324	621847	656197
358639	391613	421125	446642	480046	501902	535071	564274	593087	626178	656580
358769	391741	422042	446884	480181	503705	535075	564661	594254	626180	656660
358936	392057	423170	447251	480422	503714	535442	565334	594891	626656	657126
359059	393100	423383	447926	480531	507614	535546	565438	595929	626856	657167
359928	394924	423539	447960	480783	507697	535603	565535	596113	627598	658391
360533	395013	423708	449326	480984	508630	535897	565666	598654	627632	658831
361815	395559	424019	450421	481377	509035	536072	566036	600513	628618	659659
364910	397298	425145	452887	481879	509780	536176	566354	600567	628972	661128
365098	397533	426434	454208	482568	510406	536343	566938	600820	629090	661637
366014	397893	426463	454318	483372	511061	536344	567434	601351	629259	661961
366719	398071	426652	454325	483614	511367	538567	567794	601406	631216	662110
367045	398803	427725	454717	483949	511599	538789	567926	601967	631516	662414
367138	398811	429069	455436	484730	511657	539290	568921	602737	632462	662741
367695	399567	429253	457049	485086	512397	540260	570243	602907	632781	662955
368034	400142	429351	457379	486353	512778	540678	570283	602908	634478	665131
368427	401263	429973	457995	486400	513858	540730	570537	603212	634970	665701
368739	401409	430191	458943	486471	514120	540808	572932	603468	635598	666187
369487	401765	430321	460844	486580	514389	540895	573380	603557	635617	667189
369758	401852	431001	461437	487078	515582	541258	573672	604183	635757	667652
370323	401959	431292	461444	487184	515802	542110	575554	604443	636766	667952
371143	403419	431295	461575	487349	516219	542678	576038	606110	638535	668457
371274	403598	431449	462250	487722	516672	542850	578189	606373	638734	668599
371786	404514	431641	462269	487957	517105	543652	579167	607066	639701	668832
371818	404653	432342	462898	487991	517670	544618	579658	607477	640627	668927
372273	405894	432850	463076	488601	517845	544976	579780	608305	641054	669440
372332	407502	434369	463243	488964	519669	545403	580093	608510	641113	669699
372446	407647	434474	463657	489043	519865	547228	580309	608587	641280	671519
376527	407910	434748	464275	490111	520292	548526	580646	608727	641406	671822
376708	408262	435844	464600	490174	520358	549278	580906	609235	641793	672252
378732	408724	436409	465697	491040	520401	549423	582134	609457	642908	673456
378844	409019	436739	466525	491156	520485	550683	582659	609525	643393	674989
379880	410275	438682	466982	491574	521590	552065	582780	609665	643841	674997
380936	410715	438752	466992	492990	522945	552132	583231	609896	643913	675501
382248	412069	438852	467324	493344	523114	552279	583654	609948	645218	675845
382267	412803	439013	467519	494157	523579	552824	584261	610203	645360	675851
382745	413303	439086	467533	494902	523625	553120	584824	610478	645469	676813
383233	414637	439556	468168	495048	523853	553266	586081	610554	647312	677678
383992	414870	440228	468725	496109	523978	553481	586363	611515	647341	677754
384111	415574	441208	469962	496676	524881	553781	586802	613067	647790	677803
385327	416586	442236	472113	497006	525699	554205	586902	614626	648168	679728
385717	417049	442492	472215	497118	527126	555578	587133	616172	648712	680220
385875	417193	443250	472834	498093	527648	558002	587369	616426	648782	680679
385926	417259	443553	472835	498936	527944	558016	587883	616459	648855	681218
386369	417333	444478	473503	499010	529411	558553	588178	616638	649390	681249
386627	417955	445011	473743	499067	530330	560063	588251	617021	650527	681525


681693	709308	741085	766499	794890	828143	852172	886084	921073	951031	979907
682754	709747	741396	766833	795946	829096	852876	886525	921486	951068	980369
682929	709903	741624	767135	795962	829216	854495	886677	921818	951463	980629
683788	710806	741663	767224	796343	829722	855825	887340	924446	951666	980737
684988	710851	742137	767571	796866	829887	856052	887633	924542	953095	980814
685018	711137	742387	768230	797251	830090	857687	887734	924975	953277	981192
685040	711790	742403	768892	797445	831265	858833	888875	925197	955150	982439
685698	712114	742664	768933	797483	831271	859019	889553	925698	955497	983314
686197	712232	742764	769125	797661	831467	860153	889714	926754	956556	983797
686348	712992	742826	770378	797984	832082	860638	889821	928639	957202	984214
686595	713243	742961	770623	798162	832553	860875	892228	929666	957566	984993
686604	713514	743063	771091	798441	833033	862209	892362	929683	957752	985242
686762	713546	743363	771881	798599	833684	865513	892964	929812	958667	985336
686778	713715	745514	773029	799033	834629	866008	893146	929943	959345	985370
687876	713810	745944	773546	800507	834737	867172	893976	930462	959648	985476
688714	715047	746925	773705	801709	835388	869889	895198	930952	960303	986142
689157	715339	747769	773706	803009	836272	869972	897154	931914	960411	987367
690224	716034	748410	774423	803503	836344	870036	898091	932556	960603	989082
690346	716566	749780	775689	805299	836371	870976	898779	933515	960921	989402
690876	717346	750380	776591	805483	838444	871091	898816	933602	961142	990514
690950	719821	751121	777124	805548	838586	871173	899567	935071	962147	990783
691050	720128	751339	778223	805923	838741	871256	901568	935648	962231	991043
691443	721493	751555	778279	807649	838912	871518	901762	935737	964294	991139
693279	723554	751577	778386	807686	839753	872010	901827	935751	965368	992154
695946	723644	752100	779029	809518	840441	872221	901977	936098	966362	992656
696214	724118	752266	780018	810028	840896	872275	902112	936441	966363	993183
696339	724933	752473	780189	810657	841315	872493	902960	936538	966442	995588
696741	725253	752877	780316	810943	841884	873028	903169	936806	966479	997559
697086	725609	752920	780597	811410	841886	873320	903936	937213	967141	997640
697488	727248	753053	781822	811809	843297	873542	904976	938318	967283	998051
698942	728061	753186	782786	811926	843411	873701	905576	939290	967662	998289
699156	728351	753554	782899	812550	843633	873757	906124	939558	967713	998852
699635	728390	753637	782905	814817	843673	874344	906698	939926	968671	XXXXXX
699726	728551	754841	783566	815378	844127	874379	909695	940786	968901	XXXXXX
699907	729525	755711	783830	816514	844344	874912	910583	940955	969040	XXXXXX
700558	730692	755740	784041	816996	844363	875064	910686	941271	970023	XXXXXX
700923	731747	756334	784535	817076	844412	876028	911267	941297	970359	XXXXXX
701579	731942	756690	785125	818129	844427	876037	912014	941441	970360	XXXXXX
701670	733640	756957	786059	818509	844791	876285	912137	941995	970991	XXXXXX
701761	733686	757160	786583	818805	845360	877073	913173	942672	971397	XXXXXX
701945	734249	757222	786870	820381	846492	877740	914352	942831	971772	XXXXXX
703443	735225	757953	786914	821995	846639	878044	914900	943640	972212	XXXXXX
703670	736217	758977	787336	822213	846708	878416	916084	943926	973651	XXXXXX
704138	736400	759391	787690	822912	848372	879198	916579	945092	973958	XXXXXX
704259	736452	760422	788066	822997	848496	880685	916659	946004	974195	XXXXXX
704328	737893	760691	789669	823018	849425	880893	918698	946466	976472	XXXXXX
704534	737932	760788	790721	823724	850101	882882	919044	947477	977864	XXXXXX
704977	737968	761056	792692	824318	850655	884624	919358	948394	978270	XXXXXX
705668	737990	762658	793448	824804	850897	884705	920622	948438	978890	XXXXXX
707073	738752	764854	793533	825024	851253	884821	920669	948449	979007	XXXXXX
708694	739978	765054	794027	825930	851359	885887	920878	948502	979285	XXXXXX
709236	740974	766372	794054	828014	852028	885913	920907	949092	979782	XXXXXX
