              DRAW OF Rs.750/- PRIZE BOND
                  HELD ON Quetta
Draw No.:  86TH                                               
Series  : COMMON DRAW                        Date : 15/04/2021

--------------------------------------------------------------
First Prize of Rs.1,500,000/-
038012
--------------------------------------------------------------
Second Prize of Rs.500,000/- Each 3 Prizes
000831   314705   417508
--------------------------------------------------------------
Third Prize of 1696 Prizes of Rs.9,300/- Each

000945	037696	058786	091965	121657	149636	174986	205052	234283	260846	291029
003628	038406	060505	092024	122289	150887	175225	205102	235132	261486	291094
003729	038747	060598	092135	122318	151035	175737	205955	235781	263035	294260
003820	038847	061626	093573	122777	151057	176320	206261	236197	263551	294544
003858	039567	062529	093989	123224	151773	176474	206975	236502	264337	295773
004535	039740	063066	094708	123266	154180	176550	208521	237135	265399	296665
004813	039741	063819	095470	123294	154488	177176	208728	237542	265495	296855
004916	039908	064365	095641	124512	154583	178939	209674	237694	265587	297077
005385	040165	064869	098076	125296	155000	178948	210246	238032	266703	297842
005724	040570	065168	098463	126075	155616	182184	210319	238073	266823	298213
005804	041121	065856	099621	126098	155694	182202	210727	238323	267443	298520
006090	041170	065861	100000	126103	155698	183135	212326	239881	268080	299104
007852	041296	066269	100315	126143	156179	183323	213097	240396	268423	299195
008034	041350	066735	100434	126223	156274	183534	213567	241406	270126	299268
008451	042270	067257	100675	126268	157061	183703	213686	242946	270284	300129
008485	042348	068104	101350	126620	157503	184638	213901	244070	270649	300361
008688	042352	068891	101696	126642	157511	184725	214284	244072	271475	300656
009259	042621	069003	102598	127227	157688	184913	214364	244753	271586	301731
009559	043259	069449	103932	127325	158263	184955	214728	245476	272358	302154
010220	043408	071071	104047	127464	158473	185621	214902	245519	272490	303136
010693	043678	071608	105270	127536	159331	185693	215198	248429	272686	303269
011623	046525	072420	105801	128909	159499	186466	215537	248589	274718	303315
012382	046575	072685	107960	129608	159887	186559	217394	248737	275946	304055
013480	046640	073765	109114	129866	160377	186613	218124	248994	275967	304289
014778	046688	075011	109265	130507	160483	186881	218969	249364	275980	304924
014803	046948	075143	109484	131082	161629	187694	222300	250609	276052	305044
015366	046954	075224	109682	131385	161803	189058	222589	252090	276227	305942
016891	047737	075800	109715	131455	162568	189139	222749	252189	276310	306241
017817	047907	076396	110406	131915	162587	189265	222905	252675	276908	308151
019340	048079	077640	110650	132704	162927	189321	223023	252747	278720	309551
020664	048427	077714	110671	133470	163314	189331	223287	253123	279508	309775
020972	048834	078608	111091	133693	164014	191368	223378	253195	279529	309840
021226	048892	079717	111393	133943	164283	191760	223766	253477	279978	310445
022927	050022	080084	111504	134121	164298	193074	224470	253513	281586	311837
028534	050595	080408	112921	135888	164346	193592	224773	253789	281603	312030
028836	050863	081033	113143	136998	165237	193957	224844	254215	282278	312613
029762	051509	081903	113266	139451	166654	194191	224873	254728	282526	314655
029858	054093	082863	113311	140537	167801	194581	225096	255477	282728	318384
030542	054328	083326	114019	140664	169035	195010	226042	255897	283181	318559
030732	054370	083509	114417	141557	169337	196429	226636	256057	283504	318632
031231	054578	083738	114786	142365	169461	196886	227526	256239	283608	318674
031584	054735	085735	116366	142614	170345	200260	228106	256609	283923	318851
031932	055090	086007	117131	143500	170479	200557	228282	256907	285084	320044
033560	055109	086229	117326	144068	170917	200913	228409	257067	285683	320490
033639	055279	086307	117864	144179	171381	201691	230217	257258	286665	320761
033871	055373	086655	118653	144233	171604	202810	230713	257369	286777	321030
034395	055966	089188	119038	145785	171617	203143	230907	258258	288669	321144
035026	056963	089843	119977	146556	171664	203239	231486	258668	289961	321377
035392	057735	089971	120205	146679	171881	203459	231891	259702	290045	321943
035629	057737	090645	120268	148065	173366	203801	231974	260235	290284	322168
036002	057821	091529	120975	148400	174061	204594	232139	260464	290289	322324
036562	057898	091793	121438	149104	174465	204878	233024	260645	290887	322444


322833	359828	383998	415115	438148	466282	500806	528006	560392	595073	632803
324612	359923	384238	415577	438234	466689	501312	528047	562303	595353	633488
325502	360156	384443	415737	438238	467010	501619	528657	563922	595365	633888
326382	361169	384499	416920	438298	467570	501813	528962	564950	597836	634185
326542	361535	386628	417212	438503	467893	502213	529377	565461	597982	636577
326740	361833	387491	417280	438548	468000	502886	529425	565716	599488	636897
327871	362217	388916	417812	440007	468596	503598	530117	565831	600398	637927
328249	362601	389103	418069	440547	468848	503974	530252	565906	601586	637950
328509	362757	389423	418501	440640	469939	504092	531650	566323	601755	638722
328633	363231	390193	419421	441015	470602	504194	534359	567543	601762	638763
328796	363239	390201	419792	441206	472667	504471	534807	568105	601828	639349
329894	363339	390890	419888	441601	472689	505045	535888	568598	602902	639391
330365	363343	391443	420134	441796	472945	505219	536257	568676	602958	639759
332767	364145	391525	421730	442170	475168	505346	536414	569279	603372	639857
335999	365655	391866	422005	443174	476065	505884	536769	571643	603410	640706
336240	365672	393153	422173	443445	476123	505916	536840	571693	603765	640817
336501	366172	393207	422942	443676	476379	506790	537018	571919	603826	641105
337001	366413	393625	424314	444821	476380	507465	537941	573241	604904	641676
338409	366455	393750	424360	444908	478710	507729	537958	573370	605848	642916
338568	367648	393912	424433	447138	478915	507940	538124	575149	606768	642997
338888	367692	394073	424480	449317	482795	508628	540258	576052	608036	643270
339165	367870	395894	424510	449669	483538	508825	541076	576569	609239	644143
340425	368199	396037	424643	449954	484056	509238	542372	577282	610042	644857
340541	368373	396134	425653	449961	485078	509675	543497	578336	610439	645056
342024	368913	396468	426617	450387	486338	510710	543669	579473	612535	645502
342577	369413	396617	426712	450947	487380	511648	545847	579586	613769	645569
343005	369659	397167	426721	451011	488305	511921	545932	581774	615073	646396
343229	370743	398004	426875	451224	489750	513430	545987	582108	615588	646471
343738	371104	400454	426961	451896	489895	514272	548094	582270	615840	647103
344078	371836	401242	427128	452627	489990	515296	548239	582893	616831	647340
345532	372131	402148	427370	452659	490519	515298	548711	583002	617152	647346
345553	372454	402385	428211	453153	491123	515817	548838	583338	618167	647562
346207	372490	402453	428534	453866	491217	516058	549212	584328	619308	648750
347173	372913	402739	428709	454184	492312	516090	549224	584512	619788	648828
348679	373012	404293	429254	454188	492774	516674	551635	585941	620027	650802
349850	373625	405551	429925	456042	494707	516726	552304	586413	620802	651022
349958	374010	405735	430132	456044	494861	516802	552511	586625	621964	651974
351568	375363	406251	430483	457501	495448	517440	552925	587526	622691	652233
353112	375489	406469	430509	457585	495526	517489	553341	587626	623826	652529
353571	375541	406731	430929	457762	496156	517970	554173	587700	624276	652565
353575	375565	407040	430987	458539	496645	517980	554886	588292	625042	652753
354275	376407	408140	431636	458774	498698	518147	555085	589510	626510	652958
354875	376604	409339	432085	458782	499008	519484	555375	591003	627057	654276
356295	378822	409440	432215	459058	499229	520809	555552	591348	627631	655123
357194	379499	409770	432260	459531	499507	522244	556030	591470	628789	656125
357377	380249	412481	432637	459571	499515	522862	556038	591865	629017	656802
357678	380883	412528	433916	460338	500081	524681	556088	592766	630338	657476
357946	381239	412657	435656	461706	500158	526152	557330	593399	630420	657676
357994	381280	413177	435956	464909	500243	526825	558336	593405	631664	657816
358900	381512	413472	436903	465469	500382	527001	559828	594285	632062	658136
359018	381839	414677	437262	466014	500533	527799	559952	594770	632107	658931
359786	382185	415022	437272	466056	500695	528001	559958	595063	632538	659247


659397	690698	718187	754104	788308	825037	855057	882430	910907	942564	975287
659647	690782	718518	754421	788328	826148	855473	882606	912467	942608	975911
661045	691388	719172	754505	788543	826812	855707	882970	912571	942641	975945
663080	691745	719574	754571	788805	828436	856401	883548	913281	943284	976084
663109	692582	720406	754877	788814	828713	856435	884113	913607	944414	976774
663909	692685	720454	755185	790382	828839	856775	884131	913902	945501	978625
663940	692698	720573	756309	790990	829925	856843	885460	915892	946499	978832
664163	693275	720593	757395	791185	831819	857034	885959	916862	946641	978948
664332	693376	721864	759361	792138	832078	857728	886965	916892	946942	979147
664482	693407	726161	760249	792636	833193	857878	888763	917579	947827	980252
665728	693714	727853	760486	793342	833531	858455	888905	918090	947856	980576
665859	694568	728515	760658	793583	835026	858500	889569	918303	948474	980896
666412	694737	729135	761076	793839	835947	858528	889815	919059	949587	981824
667223	695908	729935	762171	795409	836017	858984	892417	919204	950031	982404
668147	697865	730111	762193	797638	837100	859437	892916	919982	950872	982717
668248	697878	730387	762535	797841	837157	860789	893092	920125	952736	982910
669352	698139	730517	763096	798335	838096	861070	893348	920652	952925	983061
669418	698631	731816	763681	803139	838616	862500	893477	921721	954156	984004
669746	699046	731867	764780	804091	839230	862540	893812	922124	954205	984377
669942	700062	732061	765431	805171	839429	862740	895082	922248	955724	986079
670038	700192	733212	766427	805220	839505	863188	895199	923815	956123	987650
670143	701206	733285	766471	806284	840109	864137	895671	923932	956905	988103
670172	703380	733327	766643	807110	840633	864524	895831	925361	957330	988268
670717	703706	735201	767952	807668	840641	865235	895958	925739	957388	989031
673261	704043	736446	769260	807810	840695	865259	895998	926724	957726	989176
673788	705248	737323	769534	808057	840759	865734	896014	927047	958636	989686
673880	705304	737439	770061	808078	840879	866109	896279	928035	958763	990182
674236	705473	739587	770166	808091	841459	866141	897077	929705	958974	990277
674768	705491	740154	770539	809453	841725	867824	897247	929938	959496	990319
674973	706189	740427	770589	811563	843249	867846	897837	929990	959796	990745
678138	706948	740436	771072	812041	843725	868228	898521	931728	961936	990817
678785	707832	741150	771967	812459	844021	868550	900071	932113	962083	991060
680066	708609	741161	772081	812625	844037	869925	900197	933083	963000	991524
680399	709533	741608	772554	813117	844112	871682	900597	933641	963091	992027
680572	710827	741841	772558	815072	844828	872109	900662	934168	963136	992541
681285	711606	741945	772870	815680	844849	874848	900816	935458	964841	993018
683502	711994	744533	773878	816711	845401	875006	901040	935909	965343	994538
683962	712013	745270	773929	816955	845581	875218	901148	936036	965391	994947
684026	712353	745604	776737	818159	845798	875728	903704	936097	965577	995942
684542	712956	746544	778114	818377	846255	875916	904395	936238	965844	996816
684764	713400	748017	778843	818864	847275	876943	905118	936781	966137	997293
685334	713538	749115	780915	819746	847675	877164	906736	937062	966145	998051
685346	713762	749643	781019	820516	848176	877374	907392	937354	966678	xxxxxx
685995	714347	751656	781693	820981	850670	877711	908263	937423	967330	xxxxxx
687080	714851	751748	782744	822191	851363	878014	908777	938782	971006	xxxxxx
687386	715011	751906	782786	822222	852123	878742	909310	939275	972057	xxxxxx
688737	716190	752608	783437	822418	852128	879385	909727	939513	972460	xxxxxx
688938	716331	753051	783766	822781	852515	880454	910641	940036	972949	xxxxxx
688972	716431	753070	785689	824046	853270	881091	910687	940236	973717	xxxxxx
689224	717356	753605	786529	824584	854157	881255	910697	941630	974260	xxxxxx
689309	717749	754039	787826	824823	854857	881355	910865	941804	974832	xxxxxx

										


