              DRAW OF Rs.750/- PRIZE BOND
                  HELD ON HYDERABAD
Draw No.:  85TH                                               
Series  : COMMON DRAW                        Date : 15/01/2021

--------------------------------------------------------------
First Prize of Rs.1,500,000/-
217739
--------------------------------------------------------------
Second Prize of Rs.500,000/- Each 3 Prizes
194668   871860   953604
--------------------------------------------------------------
Third Prize of 1696 Prizes of Rs.9,300/- Each

001266	027354	055711	076908	102252	128311	160664	183048	207721	234633	263224
001549	027503	056073	078123	102320	128828	160808	184708	207970	234699	263628
001930	028552	056130	078519	104191	130985	160844	185916	208763	235526	265215
002489	028572	056479	078574	104435	131385	161740	186162	209250	235655	265354
003596	029284	058331	078676	105061	131773	163138	186314	209668	235737	266573
003996	029752	058458	078858	105845	132236	163404	186386	210115	235871	266816
004178	029873	059854	078999	106383	133423	165331	186944	210642	236015	266844
004487	030094	059921	079145	107570	134169	165345	187554	211816	236158	266885
004892	030425	060225	079244	108239	134604	166361	187601	211973	236187	267587
005680	030817	060326	079573	108883	134742	166535	188070	212081	237370	267609
007562	031657	060447	079580	109268	135626	166768	189037	212258	237534	268245
007977	032293	060568	080020	109510	136114	166855	189283	212355	238379	268800
008411	032990	060745	080080	109521	136927	168124	189929	213073	238701	269501
008866	033403	061356	080503	109728	137689	168235	190001	213822	239085	270068
009090	033461	062081	080614	111784	138073	168512	190640	214743	239139	270357
009804	034282	062739	081409	112402	138171	169276	190914	216801	239996	271423
009949	034810	063030	083940	112777	138730	169401	191605	216976	240245	271808
010330	036558	064375	084203	113019	139115	169523	192123	217294	241123	272488
010599	036824	065072	085318	113218	139153	170509	192677	217632	242003	274114
010766	037053	065562	085723	113219	139906	171133	192785	218752	242152	274700
011051	037142	065788	086648	113690	139952	171167	192797	219689	243237	274724
011406	037393	065824	086907	113699	140002	172099	192885	219875	246677	275428
011937	038529	065837	087153	114844	140462	172530	192997	220054	248150	275682
012112	039117	065916	088470	115663	140809	172556	193084	220142	248259	275751
012142	039999	068646	089838	115740	140928	172807	193117	220275	249241	276199
012425	040848	068675	090296	116174	141192	173127	193215	220322	249509	276477
014562	041144	068829	090578	116859	141313	174563	193727	221634	250007	277715
015701	041268	069011	091120	117244	142658	174741	193804	221672	250367	278261
015811	041854	070134	091450	117575	142791	174795	194103	222272	251116	278541
016012	041887	070350	091678	117971	143247	174884	195305	222571	251193	278585
016361	042405	070627	091863	118352	143797	175157	195519	222622	251505	278688
016943	042765	070643	092517	118446	147291	175645	195618	223113	252429	278716
017346	043355	070981	093167	118558	147353	176403	196544	223689	252481	279063
018729	043569	071045	093511	118587	148078	176409	198029	224975	252560	279805
018864	043838	071100	093686	119326	148591	177190	198210	226813	253384	280038
019121	045042	071611	094332	120231	148778	177195	198463	227190	253762	280079
019394	046535	071776	095240	120940	149544	177503	199459	227300	253770	280210
019941	047488	072418	096617	121107	149901	177685	199631	228215	253856	281446
020209	047654	072756	096703	121134	152882	177791	199708	228436	254053	281995
020302	047812	072930	097677	122044	153146	178285	200712	228450	254677	282041
020318	047816	073030	097931	122439	153748	179056	201313	230363	254741	282757
021975	049948	073467	098089	122675	154120	180030	201452	230458	255055	283467
022629	051912	073481	098604	123625	154411	180352	202279	230693	255398	283481
023189	052101	073613	099044	124513	155661	180777	202511	230913	255546	284543
024171	052235	073677	099048	124538	156274	180814	203675	230930	255903	285977
025257	052901	073776	099464	125284	156411	180976	203964	231308	256357	287512
025542	053885	074417	099863	125454	157280	181084	204273	231691	257131	288182
025727	053941	074570	100645	125670	158244	181464	204290	232394	259006	289182
026024	054230	074912	100711	125849	158967	181997	206147	232751	259945	289823
026755	055129	075278	101571	126174	159773	182487	206466	233484	260463	290444
026813	055352	076223	101978	126893	160071	182770	206607	233554	261047	292098
027251	055454	076698	102131	127469	160156	183040	207614	234431	262705	292126


292881	315716	346303	383669	416185	444283	478871	499922	542474	571612	604956
292919	316125	346451	383678	416731	445112	479436	500000	543299	572056	607714
292957	316373	346643	384003	418357	446101	480054	500349	543392	572120	609367
293456	316455	346981	384204	418723	446296	480519	501852	544421	572671	611138
294032	316869	347605	385890	419138	447693	480602	502633	544678	573137	611976
295617	317083	349462	386380	419873	448068	480856	504765	544779	573504	612023
296336	318358	351295	387363	419931	448180	481165	504850	545563	573755	612539
296503	318506	352674	387858	422737	450709	481456	505347	547379	573869	612783
297133	318932	352734	388896	422835	452894	483361	505697	547844	574771	612869
297238	319274	352796	389206	423848	454300	483866	505915	547949	575163	612891
297375	320486	353226	389310	424239	454479	484335	506421	548027	575589	613087
297439	320915	353480	389528	425744	454645	484343	506553	549012	575911	614200
297477	321182	353774	389745	425782	454881	484503	507770	549109	576163	614653
298244	321253	354313	389805	425990	454925	484664	508105	549265	576597	614842
299277	321286	355031	389816	426250	455341	485378	508238	549802	578169	614960
299540	322211	355989	390205	427019	456657	485838	510275	550295	579477	615973
299909	322367	356195	390413	427123	458590	485869	510551	550967	580768	616019
300377	322811	357345	391816	427671	459803	486347	512712	551596	581105	616177
300832	323399	358881	392300	428475	459975	487458	513100	551984	584166	617115
300857	323530	359202	392362	428944	460621	487521	513855	552331	584625	619790
302260	324005	360827	394036	429447	461678	487601	514005	552609	585960	620003
303104	324064	360874	395153	429642	462308	488015	516271	553132	586234	620810
303431	325040	361050	397371	430693	462991	488241	517823	553460	586285	622087
304320	327892	361783	398779	431164	463094	488473	519005	554116	586857	622614
305076	328612	362327	399906	431529	463110	488613	520175	555815	586950	623249
305347	328673	362524	399913	432059	463613	488644	520653	555960	587060	623431
305935	328948	365163	400113	432827	463777	489016	522699	555963	587123	624293
306576	328983	365486	400202	432951	465799	489187	523280	556464	587206	624698
307439	330451	365936	400469	433098	466509	489427	523858	559135	587560	626046
307527	330669	368023	402137	433856	466685	489453	524410	559219	587767	627006
307973	330894	368513	402244	434362	467382	490409	524734	559789	588717	627565
307999	331457	369477	402576	434530	467523	490413	524849	560176	589608	627808
308114	331950	369672	402940	434845	467658	490430	525664	560251	590480	628031
308159	333364	370493	403930	435339	467827	490544	526057	561062	591912	628678
308160	334589	370776	405341	435566	468033	491063	526748	561216	592762	630585
308183	334631	370840	406080	435722	468260	491265	526887	561790	594308	632081
308463	334845	373041	408377	436172	469124	491946	526955	562163	596320	632776
308993	335112	373571	408851	437092	470806	492141	528827	562917	596482	632814
309039	337796	374335	409294	437235	472823	492575	529458	563070	596539	634884
309875	338049	374635	409397	437423	473018	493051	530898	563458	596652	634984
310458	338640	374723	411068	437455	473142	493585	531010	563622	597180	635567
310645	339448	376070	411853	438244	473884	493860	534572	565855	598292	635862
310662	341351	378056	411929	439142	473885	494114	535463	566322	599066	636500
310804	342159	378630	412123	439245	474238	494424	535666	567063	599961	638243
313382	342232	378933	412733	439409	474497	495999	535703	567516	600552	639334
314373	343078	379694	412770	439942	474947	496934	537110	567883	602671	639611
314400	343207	379957	413759	440271	476148	497460	537547	567969	603012	639881
314435	344774	379983	414259	440578	476453	497553	539389	568367	603305	641147
314980	344799	381015	414583	440767	476801	498477	540181	568572	604611	641357
315183	345085	381801	414600	442895	477831	498528	541907	569881	604811	641723
315189	345384	382005	414832	443263	478296	498798	542000	570834	604815	641759
315608	346144	382887	415780	444144	478573	499282	542297	571078	604930	642013


643314	672174	707065	738013	767223	798859	836857	870722	899800	937907	975288
644326	672983	707301	738652	772181	799900	837297	870781	902497	938331	975420
644524	673059	707304	739327	773214	800111	837379	872277	903342	938409	975743
645118	673686	708293	739967	773542	800810	837522	873026	904575	938586	976215
645479	673792	708451	740111	774031	802394	837713	873033	904694	938673	976397
645613	674492	708927	740618	774190	803291	837887	873745	904871	939454	976428
646080	674771	709464	741166	774228	803887	838250	874911	905391	941894	978586
648782	675483	709945	741178	775731	804802	839194	875382	905513	942993	979381
648920	675527	711944	741213	776225	805273	840115	875851	906305	943018	980269
649148	675534	712298	741720	776405	805642	840768	876126	906422	944433	980548
650596	676104	712836	741920	776651	805709	844670	877598	906720	944593	982152
650838	676585	712992	742598	776653	806680	845029	878152	908361	944681	982633
652061	678400	713313	743866	777417	808127	845283	878432	909762	945262	982732
652832	678571	716448	743916	778524	809071	845593	878677	910107	945315	982992
652840	678582	718451	745139	778539	809301	845784	880636	910412	945391	985549
652866	682461	718698	746777	778943	811051	846440	882329	910802	946514	985579
654976	683078	718854	747679	779289	812002	846455	882494	911986	947038	985614
655118	683260	719176	748043	779484	812307	847097	882633	912890	947177	986029
655214	683831	720067	748464	779485	813606	847098	883339	914048	947680	986626
655367	685370	720421	748940	780447	814271	847228	883520	917011	948194	986816
655539	686597	720562	750495	780450	814308	847371	883612	917786	948236	987425
655762	688121	720767	750845	780715	814450	847911	883651	921584	948337	987920
656297	688734	722361	751354	781243	814950	848205	883972	921769	949098	988967
657481	689112	722581	751740	782112	815754	848245	884277	923522	949106	989391
657555	689762	722858	751769	782850	816623	848490	884449	924567	950837	989744
658475	690524	723473	752569	783803	817564	848816	884853	925678	951021	990402
659377	691548	723777	752838	784359	818578	849487	884863	926296	951817	990471
660567	692507	725565	753358	785334	821471	849639	884981	927253	952516	990710
661803	692783	727572	753741	786334	821923	850163	885835	927476	953657	991495
661982	693006	727996	753875	787865	823093	850165	886004	928657	954218	991511
661987	693056	729795	754265	788023	825923	851262	886802	928806	954435	991700
662382	694284	730849	755783	788564	826187	851868	886806	929331	954769	992626
662953	694515	731037	756090	789010	827097	852033	886955	929763	955900	993336
663392	695793	731428	756640	789125	827161	852495	887064	929818	956253	993787
664375	695916	731633	757483	790260	827397	852643	887440	930316	960056	995372
664525	696548	732165	757613	790270	827401	854999	887858	930509	960182	995394
664864	696675	732535	757925	790312	830035	857592	888556	931122	961393	995503
665001	697199	733250	758356	790545	830659	858016	888609	931907	962614	995723
666127	697522	734114	758992	790613	830686	858272	889079	933418	964360	996518
666729	697892	734123	759215	791551	830921	860591	890591	933689	965045	997086
667356	698170	734419	760861	791559	831265	860933	890918	933836	965556	998366
667511	699062	734565	761262	792528	831855	862137	891121	934138	965723	998847
667553	700268	734691	762394	794446	832744	862333	891477	934711	967346	xxxxxx
668554	700601	734701	764142	794779	833437	864589	891527	935148	968035	xxxxxx
669082	701313	734937	764606	794909	834250	864735	892227	935940	970311	xxxxxx
669865	701966	735387	765051	795197	834352	866551	892740	937045	970827	xxxxxx
670084	702006	735507	765368	796326	834576	867071	893335	937138	970908	xxxxxx
670104	703215	735904	765822	796686	834616	867917	894558	937261	971622	xxxxxx
671692	703582	736576	766254	797765	835289	869843	895626	937334	972641	xxxxxx
671838	704988	736695	766969	797881	835360	870256	895827	937653	973927	xxxxxx
671873	706811	737029	767080	798206	836752	870660	896676	937699	974100	xxxxxx
										



