                     DRAW OF Rs.750/- PRIZE BOND

		        Held At Lahore
Draw No:91st
Series:	Common Draw					Date:15/07/2022

----------------------------------------------------------------------------------



First Prize of Rs.1,500,000/-



722561
----------------------------------------------------------------------------------



Second Prize of Rs.Rs.500,000/- each.

321896      828159    873486

----------------------------------------------------------------------------------	

										

1696 Prize(s) of 9,300/-  Each

000422	028425	064993	089484	117772	153705	174364	208138	233433	262745	293335
000636	029814	065822	089924	118298	153934	175002	208209	233536	263580	295293
000781	030868	066118	090007	119139	154436	175374	208249	233616	264728	296242
001302	032964	067092	090303	119213	155071	175770	208588	235329	265464	297508
001921	033190	068767	092956	120017	155305	176093	208890	235551	265478	298092
003362	034557	069344	093189	120613	156252	176110	210038	236508	266333	298185
005212	035129	070737	093471	120716	156481	176521	210263	236804	266659	298749
005273	035497	070826	093502	122006	156641	177023	210692	237096	267046	299262
005593	037826	071057	093632	122385	157120	177412	211284	237447	267906	299290
006165	038729	071341	093803	122867	157604	178552	212597	237512	269148	300428
007112	038749	071452	093961	123365	157842	178561	213128	237626	269975	300658
007393	039272	071468	094105	123650	158439	178954	213678	238444	270826	301277
008391	039333	071533	094332	124772	158830	179925	213715	238958	271341	301772
008764	039687	072116	095451	125309	159165	180517	214299	239091	271410	301789
009369	040198	072840	095493	125901	160232	180753	214731	239550	271935	302515
009829	040863	072921	095620	128426	160355	180939	215558	241046	271973	302676
010105	042119	072939	095631	130030	160407	181028	218039	241550	272300	302986
010529	042384	073087	095876	130680	160743	182549	218052	241858	273006	304226
012630	043128	074052	095975	130883	161272	182562	218178	242211	273192	304369
013177	043167	074115	097359	131967	162023	184721	218284	243171	273885	304539
013197	044399	074419	098277	133083	162378	185138	218429	243218	273908	304679
014103	045842	074564	098957	133230	162538	186195	218809	243837	274149	305241
014913	046659	075411	099427	134021	162724	187290	219186	243894	274252	307018
014956	046705	075814	099617	134163	162749	187907	220527	244773	275065	307027
015283	046798	075845	099976	134286	163684	188298	220545	245773	275212	307419
016700	047065	075993	100187	134783	163759	188855	221108	245960	276959	307568
016826	048875	076045	100347	136258	165204	189359	221530	246263	277816	307677
016842	050250	077422	101457	137809	165252	189372	222057	246343	278448	307726
017728	051303	077889	101637	139205	165300	189676	222217	246359	278782	308600
017757	052110	079476	101834	139679	165763	191854	222317	246442	279027	309089
017766	053037	079499	102606	140899	165861	192045	222627	246932	280001	310349
018739	053143	079654	103436	141784	165991	192237	223621	248473	280732	311306
019308	053385	080502	104754	142044	166125	192719	223709	251049	281673	311632
019522	054306	081027	105568	142606	166201	193044	223959	251324	282831	311854
019703	055144	081049	105753	142998	166507	193906	224078	251440	283108	311951
019878	055305	081314	106978	143780	168420	194333	224186	251994	283147	312235
020681	055728	081492	107636	143971	168820	194800	224491	252069	283441	312241
020770	056230	081675	109205	144116	168992	196288	224760	252268	283812	312439
021096	056808	081742	109215	144716	169191	196407	225653	252273	283939	314472
021274	057126	082670	110711	146412	169197	196444	227132	252492	285985	316173
024074	058079	082884	113178	146730	169403	197299	227523	252521	286341	316199
024426	058787	083378	113689	147519	169789	198049	227556	253614	286533	316239
025313	059056	084065	113703	147744	170077	198932	227561	253646	286844	316254
026150	059716	084284	113852	147925	170456	202955	228205	254037	287582	316520
026719	059875	084771	114103	148072	171008	203388	228485	254925	287990	316564
026767	063438	086124	114435	148276	171341	203406	228519	255065	288094	317423
026994	063630	086600	114473	149209	171625	203710	228567	255273	289341	317942
027484	063863	087143	115638	151045	172991	204282	228647	255376	289698	318223
027526	063899	087302	115951	151315	173467	204299	228810	255415	291434	318284
027919	064319	088135	116747	152219	173757	205171	229343	256154	292606	318994
028326	064380	088335	116812	153023	174108	206153	230456	257038	293141	321757
028354	064398	088831	117302	153515	174313	206529	232311	262229	293209	324045
										
										
325546	364073	389283	422842	448342	473640	507447	541677	574249	603473	620836
325662	364129	389369	422921	448464	473704	508247	542239	574287	603834	621859
326385	364194	389453	423821	448909	474658	508335	542780	574507	603939	622803
327158	365214	389871	423867	450434	474803	508347	542795	574546	603967	623173
327813	365305	390415	424159	450783	475194	510973	543039	574569	604209	623801
330710	366046	392619	424771	451390	475340	511144	544684	574746	605217	623858
331043	366666	393268	425125	452346	476242	512191	544775	575693	605249	623931
331069	367069	393572	425721	452392	477123	513026	545406	576313	605870	625730
331332	368236	393838	426526	453480	477428	514934	546085	576442	605930	626630
331725	369040	394032	426872	453557	478227	515644	546227	578610	605973	628159
332326	369950	395127	427783	454653	478863	515840	546934	578743	606267	628917
332331	370288	395655	429668	455087	480337	517355	547459	578794	606562	630693
333387	370370	396000	429698	455327	481188	517702	548710	579607	606917	631788
334873	371698	396247	429913	455732	481201	518183	548976	582878	607755	631801
335997	371958	397016	430064	456129	481374	518932	549059	583137	607911	632301
336132	371973	398292	430448	456289	482309	519022	549502	584214	608060	632732
337924	372083	398357	430461	456974	482459	519128	550708	584425	608915	633628
338150	372798	398966	432703	457187	483529	520308	551114	584596	609139	633653
340034	373226	399210	433754	457540	485041	521651	551640	584598	609336	633925
341354	374350	399246	433814	457574	485383	522771	551750	584599	609797	634178
342311	374557	399930	433998	458761	487140	522861	552773	584912	609867	634932
342389	374627	400643	434191	458803	487793	523114	553630	586031	610708	635093
343352	374993	402340	434555	459054	487932	523722	554304	586709	610796	635244
343579	375245	402786	434612	459094	488278	524709	555847	587406	610956	636207
343742	375793	403138	436325	459593	489316	525541	555876	588357	610985	636558
344559	376677	403716	436379	460615	490275	525969	556002	589919	611094	636626
344946	377582	404614	436870	460812	490587	526333	556270	589985	611938	636952
346018	377870	404649	436991	460878	492392	526671	556314	590948	612752	637235
346447	377886	405208	437166	462473	492612	527227	556390	591280	613003	637610
348404	377965	405976	437392	462890	492621	527761	556853	591331	613189	638396
348953	378307	406115	437769	464573	493444	528730	557344	591997	613236	639655
349372	378765	406482	437903	466254	493872	528763	557568	593056	613477	640008
350182	379006	407243	438014	466614	495092	529842	559419	593581	614937	641938
350329	379377	410158	439726	466819	495689	530298	561671	594470	615557	642006
350635	381271	410635	440200	466894	498668	530346	562073	594502	615700	642353
351378	383443	411377	440370	467090	498808	531341	562404	594808	615752	643832
351492	383558	411711	440387	467175	499361	531632	562704	594830	615790	643974
352272	383811	412530	441161	467640	499493	531785	564585	595085	616003	644870
352389	384008	412891	441977	468617	501040	532076	564968	595239	616091	645628
354668	384584	413578	443079	469045	501333	533074	565165	595278	616178	645959
355027	384798	413782	443345	469077	501420	534108	565960	595389	617247	646346
357332	385335	414248	443560	469923	501673	534337	566299	596008	617432	646619
359294	385785	414760	443669	470247	502380	534695	566376	596019	617812	647497
359751	386096	416504	443695	470409	503233	535947	568055	596214	617940	648065
359996	386787	416715	443725	470570	503333	536165	568228	596746	618102	648071
360750	387813	416749	443936	470613	505333	536429	568793	598206	618120	648371
361551	387817	417169	445763	470736	505581	536612	569363	599375	618506	648726
361730	387900	418033	446294	470957	505749	538623	571137	599989	618584	649292
361947	387909	419691	447038	472149	506472	538845	571652	600184	618949	649349
362362	388338	420645	447323	472277	506576	541186	572371	601092	619289	649775
362606	388902	421038	447437	473087	506850	541238	573000	601500	619662	650087
363669	389019	421465	447928	473321	507214	541643	573893	603470	620477	650273
										
										
651515	679780	708442	746313	783753	812753	849848	883889	918427	947254	974701
651541	680771	709776	746427	783970	814231	851415	884103	918747	947758	974915
651552	681260	711352	747418	784280	814874	852190	884687	920273	947820	975615
652616	682301	711425	749041	785052	814932	852331	887400	920556	947854	975657
653603	682351	711636	749272	785200	815944	853339	891217	920716	948100	976625
654010	683014	711675	749372	785316	815985	853600	891390	921357	948220	976630
654529	683082	711734	749962	785515	816823	854325	892037	922289	949046	978580
655955	683731	711746	750356	785842	818191	855745	892304	922420	950244	979632
656232	683955	712082	750427	785876	819351	856794	892467	922748	950445	980065
656739	684966	713773	751138	786500	819423	857381	892824	923654	952103	980323
657267	685814	715480	751502	787353	820260	857811	893090	924084	952374	980788
657544	686029	715806	751850	788719	820522	857994	893114	924734	952451	981370
657605	686427	720826	752242	789063	821303	858615	893563	925445	953472	981459
657967	686778	721186	753000	790292	823012	859445	894225	926892	954983	982013
658132	687057	722743	754130	790523	823748	859869	895683	927678	955090	983304
658244	687839	722899	755476	793177	823754	860314	895814	928486	955352	985486
659030	688529	723271	755947	793354	825203	860563	896078	929584	955404	985729
659540	688539	723371	756266	793482	825601	861229	896889	930025	955547	986227
660287	689147	724393	758068	794502	825931	861348	897334	930509	956441	987069
660660	690433	725094	758952	795353	826209	861853	897503	931101	956573	987410
661182	691474	725415	759582	795778	826542	862109	897593	931334	956752	987571
662366	691879	727336	760075	797320	828234	862309	897885	931488	956770	987829
662759	693093	727583	760209	797561	828961	862502	898731	931559	956903	987874
663958	693214	727670	760903	797659	829191	863739	898764	931766	957464	987901
664223	693491	731519	761722	797707	829848	864373	899089	931888	958000	989621
664651	693784	732392	763537	799276	830564	865481	900424	933356	958391	989994
664887	694137	733104	764262	799797	830633	865676	900465	933913	960136	990044
666298	694555	733587	764491	799902	831470	866265	900701	935035	961199	990402
666497	695660	733637	765369	800796	831662	866657	900925	935102	961501	990857
666685	696068	733906	766138	801716	832167	866662	901187	935331	961940	991151
666903	696666	734361	767853	802299	833381	866671	901551	935526	963463	992067
668005	696678	734640	768137	802371	835880	866966	902169	935818	963562	992760
668512	697589	734910	768589	802817	836052	867962	902403	936045	963794	993328
669068	699345	739668	768862	804076	836806	868106	902425	937191	964273	993480
672661	700157	740201	769328	804710	837634	869530	904067	938168	964976	993615
672682	700539	740221	769703	804945	837839	869715	904981	938701	964990	993872
672877	701753	740664	771845	804978	838531	870135	905166	940057	965037	994810
673230	701774	741761	772271	805049	839855	870970	905806	940329	966127	995962
673253	702076	742286	773287	805071	840052	871113	905956	940352	966348	996003
673967	702396	742708	773426	806184	841312	871634	906761	940978	966599	996266
674227	703013	743978	774957	806231	842254	871900	906999	941415	966867	999292
674423	703103	744288	775232	806440	843066	872115	908605	941793	967885	999631
674527	703913	744360	775828	806753	843399	872317	909162	943254	967994	XXXXX
674606	704238	744506	776579	806980	844004	874311	909441	943759	968368	XXXXX
674685	704296	744544	776850	807073	844148	874513	911386	945343	970320	XXXXX
675309	704677	744953	777161	807748	845147	875311	913406	946168	970375	XXXXX
675680	704944	745452	777217	809105	845564	875786	913481	946670	972191	XXXXX
676280	705527	745570	778757	809322	846383	876245	913869	946690	972313	XXXXX
676295	705766	745761	781101	811173	847897	877079	915797	946697	972408	XXXXX
676710	705851	745891	781610	811213	848398	880982	917164	946740	972468	XXXXX
678924	706742	746301	783221	812581	849129	882294	918185	946868	972906	XXXXX
