DRAW OF Rs.750/- PRIZE BOND
                  HELD AT Lahore
Draw No.:  78TH                                                
Series  : COMMON DRAW                        Date : 15/04/2019

--------------------------------------------------------------
First Prize of Rs.1,500,000/-

682299
--------------------------------------------------------------
Second Prize of Rs.500,000/- Each 3 Prizes

003875     663603     983623
--------------------------------------------------------------
Third Prize of 1696 Prizes of Rs.9,300/- Each

000298	028802	057655	097032	123053	155154	181913	219727	253912	281856	310468
000597	028824	057940	097508	124279	155351	182399	220088	254091	282024	311415
000681	028997	058139	097572	125157	156813	182518	220307	254606	282322	311455
000802	029868	058234	097631	125300	157741	183106	222168	254709	282377	311620
001002	031997	058554	097825	125980	158601	183198	224074	255008	282470	312076
001064	032101	060321	100507	126312	159114	184033	224643	255539	282695	312449
001699	032626	061512	100584	126877	160160	184804	224668	256534	282881	314224
001877	032988	062133	100992	126912	160427	185575	225649	257216	283920	315685
002084	033142	062568	101027	127794	160998	186237	226840	258330	284234	316572
002193	033379	063290	101056	129766	161549	186239	227068	258941	284356	316693
002865	033695	064212	101480	129891	161645	187298	227156	260326	284731	317260
003778	034595	064419	101579	130038	162084	188278	227750	260671	285365	317723
004725	035050	065537	102373	132043	162276	188644	228093	262905	285586	318650
005763	036297	065885	102383	132079	163160	190431	228169	263610	285944	319866
006414	036618	067529	103178	132104	163199	190902	228655	263868	287202	320458
006845	036654	068429	104179	134154	163236	191087	229295	264201	287593	320647
007169	036895	068804	104600	135066	164124	191371	230073	264594	287733	321324
009120	037181	069175	105090	135823	164558	191509	230341	265057	287972	322493
009642	037443	069716	105314	136059	165481	192712	230878	265070	289575	322767
010087	037958	070016	105611	136090	165627	192877	232472	265292	289774	323778
010174	038096	070977	106988	136812	166532	193600	233557	265505	289797	324481
010233	038159	072711	107148	137488	166691	193700	233558	265866	289894	325330
010862	039547	072777	107160	137831	167051	194230	234484	266181	290310	325852
010918	039730	073746	107952	137920	167065	194781	235641	266898	291173	325991
011205	040706	073802	108109	138050	167176	196459	235716	267858	291678	326631
011669	041337	074146	108285	140268	167405	196956	236032	267935	293084	326681
012634	041462	075258	108393	140745	167428	197249	237250	267984	293127	326918
013976	041737	076762	108947	141180	168324	198408	237658	269524	294029	327310
014567	043760	077945	109072	142540	168493	198994	238094	269911	294958	328269
014593	044103	078623	109076	142920	169232	200029	238168	270694	296278	329808
014673	045927	078983	110248	143098	169813	201965	238900	271037	297103	329826
014685	046037	080086	110828	143114	170054	202104	241340	271074	297152	330203
015376	046318	080280	111028	144714	170746	202121	242876	271770	298921	330526
016284	046540	080999	111057	145210	171439	202221	242886	272479	299041	331378
017538	047119	081431	112928	145611	172144	202886	244436	273004	299841	332177
018258	047918	083280	112997	146144	172802	203157	244513	273073	300536	332356
018330	048391	084371	113231	146152	173845	205230	247312	273153	300693	332749
018440	049540	085892	114461	146768	174815	206655	248134	273237	301764	333202
020814	049703	086255	114614	147813	176108	206788	248995	274762	301902	334108
021100	050646	086830	115822	148312	177070	207935	249436	275703	302311	334411
021568	051333	087163	116062	148444	177562	209106	249601	275850	302682	336164
022721	051852	088668	116958	148995	178158	209664	250708	276334	303881	336655
023039	052707	089153	117712	149206	178339	211066	250732	276371	304302	337265
023201	053581	089757	117744	149548	179062	211354	251242	277284	304304	337338
024648	053976	092031	118220	150022	179162	211750	251270	277465	306301	337477
025844	054033	092339	118454	150368	179213	211868	251493	278946	306668	337901
026831	055379	094006	118986	151068	179931	213425	251768	278998	307635	338084
027046	055771	094076	119287	151636	180841	215234	252032	280735	307735	338368
027838	056214	094738	120556	152272	180851	215691	252069	280815	308205	338786
027937	056284	094858	120797	153309	181385	217358	252357	281234	308339	340448
028085	056364	095100	121250	153372	181439	218585	253088	281387	309557	341840
028589	056852	095791	121345	154634	181480	219675	253816	281500	310058	342296


343343	379885	406581	434832	464154	503634	541791	570061	595749	625822	655280
344527	380738	406679	435503	464755	503712	542424	570369	598943	625926	656368
346683	381130	407498	435736	465061	504525	542503	570792	598983	628043	656533
346702	381744	409157	436023	465632	504733	542622	571989	600433	628126	656631
346896	381833	409908	436403	466233	505393	543120	572296	600989	628610	656865
347950	382087	410836	439280	467069	505597	543900	573157	601381	628780	657162
347982	383393	410878	439297	468962	505756	544024	573286	601449	628816	657455
349448	383604	410913	439873	469115	507153	544772	573931	601529	629348	658131
350414	384569	411310	440157	469604	507372	545267	574512	601553	629730	658256
350434	385813	414523	440601	469643	507428	545599	574931	601836	631149	659256
351164	386595	415612	441335	470412	508131	547697	575076	602024	631938	659997
351661	386654	415744	441448	470690	512086	548108	575216	602605	632135	660225
352321	386853	415833	443371	474541	512220	549549	575395	602863	632417	660331
352666	387125	416821	443643	475051	512350	550054	575410	605413	633070	661490
353113	388189	416854	443755	475097	513393	550765	575669	605453	633418	661760
353313	388504	417762	444811	475256	513942	550813	576194	605582	633444	662194
354432	388837	417770	445561	475275	514943	554051	576692	605657	634958	662395
356098	388890	417903	445595	476247	515785	554994	576946	606589	634988	663926
356491	389057	417996	445714	477601	515830	555239	577300	607050	636849	664304
356756	389889	418109	445718	480076	516395	555336	577575	607289	637043	664575
357097	389998	418609	446398	480768	516740	557148	577721	607330	637062	665083
357429	390132	418669	448432	482799	516913	558229	578478	607727	638043	665103
357921	390298	419275	448973	482898	517117	558537	578540	608956	638361	665109
357968	390908	419539	448988	482970	517952	559119	579991	609082	638812	665707
358321	391284	419544	450429	483210	518941	559425	580290	609224	640477	666520
358919	391410	419840	450914	483404	519498	559438	580404	609246	642162	666550
359180	391453	419866	451291	483501	521536	559640	580829	609443	642368	667392
360948	392323	419880	451521	483707	521671	560015	581504	609974	643195	667503
361150	393983	420103	452242	484383	523669	561570	583195	610209	644416	667567
363131	394542	420138	452535	484651	524157	562086	583797	610243	645075	668199
363888	394853	420787	453377	485281	526049	562418	585840	610266	645132	668212
364525	394960	421462	453710	485636	526719	563002	585877	610386	646250	668311
365601	396266	422380	455260	485951	527174	564058	586127	610763	646722	668386
366154	397178	422437	455511	487358	527498	564411	586280	611703	647328	669360
366476	397295	422692	455634	489577	528824	564529	586351	612082	647629	670274
366967	398960	424264	455894	490764	529585	564579	586563	612187	647753	671454
370636	400953	424426	456170	490987	530174	564862	586641	612832	647814	671780
370736	401069	426015	456198	491166	530665	565399	587410	613579	648204	672352
371247	401470	427298	456548	491291	531130	565475	588225	613651	648916	673411
372010	401593	427656	457103	491792	532051	565884	588306	613767	650087	673733
373400	401767	429817	458066	493300	532243	566069	588558	615300	650300	673930
373739	401790	429833	458091	494144	532729	566151	588881	615934	650513	674721
374207	401984	429913	458211	497114	533609	566169	589085	617179	650795	676096
374830	402271	430001	458239	497875	533916	567178	590149	617374	651063	676127
375448	402558	430201	458343	498127	534238	567724	590169	618497	651212	676436
376007	402843	430572	458877	498348	534843	568413	590732	618894	651576	677264
376221	402850	430806	458897	499773	538077	568606	591223	619164	652346	678635
377014	403199	431307	460458	500038	538397	568962	591359	619314	652567	678789
377485	404601	431886	460664	500547	538924	568983	591721	622754	653023	678840
377645	404730	432806	462080	501212	539336	569625	593962	623559	653670	679845
378289	404841	432939	462307	502076	539387	569905	594186	623893	654342	680255
379473	405608	433206	463444	503027	541460	570028	595133	625714	654481	680463


680597	710189	737777	762479	790588	827104	855563	885837	913735	947964	982902
680770	711023	738126	763405	790727	827611	856242	886281	914235	948378	983958
681323	711893	738675	764532	791328	829325	856639	886458	915848	948806	984230
681658	712867	738757	765514	792269	829694	857618	886753	916713	949247	985746
682012	714407	738937	765545	792389	830457	857978	887335	917399	949627	986236
682479	714556	739944	765753	792857	831267	859091	887437	918254	951737	986964
683184	714661	742063	765814	795762	831366	859354	888114	919363	951820	987430
684232	715902	742439	766997	796474	831846	859637	888189	919712	952420	987483
684819	716666	742675	767581	797577	832042	859761	889761	920318	953659	987732
685257	716959	745044	767666	797588	832895	859872	890545	920882	954396	988172
685269	717204	745106	767785	798572	833158	860269	891151	921132	954836	988358
686221	717452	745657	769292	798753	833472	861521	891734	923174	955008	988519
687201	718593	746223	769650	802140	833814	862325	892319	923465	955357	988560
687425	719060	746584	769779	802147	834018	862449	892419	923835	958389	990325
687829	719314	746693	771344	802421	834142	862451	894198	923969	959415	991113
690294	719756	746829	771444	802469	834619	863352	894780	924669	959925	991305
691306	720996	746838	772535	802813	835821	864686	894861	925057	961273	991542
691701	721092	747064	773136	803475	835830	864967	895093	925504	961281	991657
691825	721737	747638	773225	803598	836655	865033	896076	925664	962667	992343
691874	723066	747845	773260	803966	837103	865668	896287	926969	962679	992681
692773	723578	747879	775598	805710	837386	867460	896326	927405	962914	992691
693512	723628	750148	775784	806087	839389	867950	897567	928002	964348	993178
693929	723713	750225	776361	807695	840012	868261	898244	928527	964410	993565
694645	724726	750639	776625	808835	840698	869863	898437	928703	964596	993736
695608	726037	750647	777172	810638	840800	870721	898667	929148	964848	993748
695829	726168	750703	778752	810696	841266	870764	898697	929434	966297	993909
696985	726617	751506	779334	811581	842400	870816	898698	929581	966681	994552
697192	727519	751908	780062	812815	842447	871589	898842	930675	966780	994818
697370	727795	751963	780615	812918	842795	873941	899884	933253	967023	995078
697493	727954	752445	781417	814159	843757	874362	901799	933377	967402	995158
697501	727985	752777	781589	814407	844940	874663	902123	933888	968965	995344
697666	728653	753058	782088	815349	845032	875200	902647	934806	969352	995773
697693	728995	753975	782162	815726	845582	876895	903043	934930	969477	995848
698206	730048	754761	782799	817043	845973	877050	903100	937322	970295	996314
698241	730076	756201	783425	817225	846722	877130	903764	937700	970559	996523
699421	730158	756407	784046	817529	847267	877231	903955	938389	971039	996528
699828	730255	756416	784795	818818	847436	878270	904963	939056	971480	996955
700306	730631	756420	784822	819351	847549	878305	906396	940045	971769	998419
700917	730684	756951	785065	819898	847701	879168	907234	940938	972845	999004
700980	731375	757130	785111	820053	847733	879254	907544	941532	974541	999203
701118	731788	758259	785538	820450	847806	879992	907761	941625	974894	999268
701753	731909	758336	786144	821248	847912	880064	908828	942571	975321	999941
702006	732734	758667	786831	821952	848108	880988	909403	943006	976097	XXXXX
702096	732858	758707	786958	823078	848894	882819	909469	943569	977082	XXXXX
703678	733123	758717	787658	823728	851053	883179	909604	943668	977392	XXXXX
705720	734071	759757	787672	824618	851255	883473	909636	943856	977563	XXXXX
706311	734966	759901	788223	825335	852223	883645	910202	944407	978711	XXXXX
707423	735625	760055	789128	825489	853693	883648	910902	945038	979007	XXXXX
708981	735712	760934	789782	826023	853999	884246	910937	945793	979204	XXXXX
709221	737287	761835	790271	826200	854627	884361	911545	947595	980942	XXXXX
709825	737316	762307	790538	826926	855523	884993	911988	947634	981663	XXXXX
