           DRAW OF Rs.750/- PRIZE BOND
                  HELD AT RAWALPINDI
Draw No.:  80TH                                                
Series  : COMMON DRAW                        Date : 15/10/2019

--------------------------------------------------------------
First Prize of Rs.1,500,000/-

378562
--------------------------------------------------------------
Second Prize of Rs.500,000/- Each 3 Prizes

296432    512602    813469
--------------------------------------------------------------
Third Prize of 1696 Prizes of Rs.9,300/- Each

000175	026504	055465	087417	119283	150487	184805	214405	243948	279497	314523
000203	026648	056613	087492	119877	150584	185063	215163	245284	279514	314668
000317	027185	057454	089675	120960	150706	185168	215165	245799	280043	315075
000753	027623	057633	091627	123309	151107	186212	217042	245837	280083	316134
001808	028623	057845	091722	123669	151710	186555	217825	246744	280183	316563
002310	028625	058187	092170	123803	152527	187913	218929	246797	280536	319931
002812	028941	058295	092476	124670	153027	188165	219057	247941	280617	320171
002874	029434	058297	093150	125294	153204	189681	219239	250400	280816	320577
005288	029941	058679	093345	125390	153367	190045	219778	250603	281107	321131
005732	030168	059738	094923	126193	153390	190543	220767	250927	282132	321399
006047	030928	060782	095643	126687	153612	191716	221183	250998	282181	323057
006583	032490	061079	095915	126941	157365	193254	223678	251086	283691	323063
006606	034508	061150	096306	126973	157698	193269	224496	251205	283695	323541
006638	035296	062370	096810	127087	157712	194000	224733	252192	286817	324156
006683	035568	062555	097443	127505	157737	194061	225906	252447	286907	324461
007741	035831	063351	098150	127624	158733	194224	226900	253218	287205	324533
009395	036304	063606	098223	128195	160745	194586	226912	253884	288255	325228
009441	036515	063697	098838	128429	161276	194613	227171	255219	288446	325889
009872	038067	063905	102165	128876	162881	195611	227402	256218	289001	325908
010093	038876	064703	102775	129038	163429	196718	227582	256552	289741	327568
010612	039800	065068	102808	129705	163562	196735	227592	259172	290128	328031
010891	039903	065144	102902	129841	163923	196885	227974	259251	290213	328686
011130	040234	065201	104187	130390	164791	197072	229158	261070	290372	328969
011502	040540	066496	105369	133310	166510	197136	229400	261308	291036	329285
011560	040814	067765	106237	133539	166908	198257	229767	261651	291317	329889
011775	041030	068898	106717	133549	166987	198994	230067	261934	291631	331338
011829	041129	069452	107014	133794	169912	199712	230424	263489	291802	331907
013434	041325	070376	107315	133950	171178	199769	230452	265591	293205	332603
013800	042993	071433	107360	133985	172142	199813	231983	266516	293989	333218
014385	043300	073522	107534	135330	172576	200804	232457	266520	294215	333278
014720	043563	074940	108065	135516	172840	201065	232495	266873	294517	333449
015665	044446	075059	108240	136077	172985	201156	232636	267819	299817	333579
016482	044598	075387	109107	137517	173993	201316	232932	267870	299833	333764
017501	045292	075724	109344	137522	175379	201731	233443	267896	300213	334069
017823	047439	078811	110884	137877	175394	203199	235029	267935	301350	334156
018357	048379	078895	110917	138686	176071	205274	235701	270689	303109	334869
018633	048866	078921	111047	138713	176689	206819	236241	271308	304255	336199
018680	049234	078975	111352	139106	176954	208023	236434	271787	304724	336294
019241	049432	079101	111687	139247	177878	208236	237508	272647	304868	337291
019288	049721	080255	112388	139943	179787	208312	237787	272784	305355	337462
019726	049768	080865	114062	140616	179874	208648	237960	272904	305832	338471
020444	050018	081478	114346	142622	180415	208839	238247	273741	306195	339483
020813	050722	081532	115387	143491	180694	209199	238282	274720	306314	339600
021117	050883	082388	115494	143873	180912	209507	238360	274964	306687	340884
021543	050996	082654	115906	147054	181093	209947	240074	275246	309277	342773
021826	051345	084058	116012	147098	181139	210335	240668	275558	309626	342833
022251	051882	084268	116301	147198	182546	211237	241179	275774	311035	342863
024245	052248	084401	116541	147828	182677	211723	241379	276627	311500	343686
025002	052668	084568	116858	148508	182752	213441	241580	278185	312947	345513
025481	053086	085156	117094	149197	182773	213769	241872	278397	314011	345565
026084	053276	085385	117866	149901	182866	213964	242098	278740	314212	345655
026398	054121	086883	118936	150188	184300	214383	242405	279254	314260	346091



346868	373652	404393	443619	471466	497599	527957	560984	591948	625040	653688
346929	373776	405456	444182	471748	497748	528456	562168	592257	626449	653887
347087	373875	406089	444253	473533	498859	528744	562752	593449	626473	654002
347696	374703	408536	444427	474251	499110	528780	563436	594560	627239	654497
347712	375934	409040	444775	475095	499164	529112	565020	594857	627687	655402
348289	375971	410079	444849	475282	499862	529859	565071	595104	627951	655567
348469	377129	410474	445681	475354	500079	530494	565939	595239	629067	656116
349354	377498	411333	446988	475600	501159	531719	568280	595322	630253	656613
349984	378583	412456	447494	475941	501266	531949	568609	596198	630586	657926
350261	378636	413449	447690	476039	501595	532119	568805	596679	630723	659082
350592	378776	413725	447977	476590	501751	534476	568856	596920	630958	659739
350813	379185	414213	449015	478477	502055	535116	571353	597804	631388	659912
350972	379766	415095	449184	478630	502252	535564	572403	597920	631950	659965
351217	380154	415337	451462	478659	503013	535913	572416	598774	632012	660453
351283	381120	415775	451499	479297	504318	536613	572480	599597	632310	661253
351528	382813	416473	451900	479737	508292	536768	572741	600017	632721	661481
351737	383108	418386	452652	480065	508950	537448	573028	600123	632910	662900
352172	383606	419147	453277	480183	509392	537500	573034	600177	633173	663055
352855	384314	419889	453288	480683	509508	538086	573544	600570	633515	663926
352944	384571	419917	453624	481577	511157	538414	573836	602624	634253	664210
354577	384599	420162	453633	481741	511261	539592	574262	604354	635152	664792
356312	385584	420276	453753	481829	511730	539734	575687	604642	636244	664942
356693	385686	420757	454582	483129	511977	539894	575968	606239	636661	668719
357301	385817	421207	454691	483705	512111	541848	575992	607251	638565	668896
357803	385847	421494	455044	484199	512480	542061	576581	607342	639229	669336
359025	386312	424954	455369	484351	512901	542783	576645	607516	639373	670777
360244	386826	427156	455564	484708	513381	544533	577187	607677	639530	670793
360424	386963	427851	456456	484748	513660	544741	577409	608006	640934	671469
360863	387152	427937	456713	484911	513919	545501	577504	608567	641050	671578
361681	387897	428051	456821	485258	514292	545581	578719	608969	641054	671999
361921	387972	428432	457144	486342	514341	545750	578989	609842	641695	673203
362885	387998	428516	457153	486688	514349	546172	580176	611021	642159	673678
364530	388723	429220	459865	488546	514373	547246	581044	611148	643806	674427
364684	389573	430997	460145	488755	514703	548629	581055	611301	644200	675063
365391	390481	431332	460638	488988	516075	549521	581487	611453	644471	675536
365761	395036	433993	460978	489141	516190	550868	582318	611908	645497	676849
366429	395846	434420	461016	490558	517837	550984	582527	612074	645785	676947
366683	396095	434749	462739	491320	519272	551551	582776	612249	646357	677024
366963	396343	434989	463791	491727	520537	552157	583180	612629	646415	677246
367408	396615	435117	463994	492900	520957	552453	583555	613803	646754	677655
367563	396731	435850	465217	493382	522236	552702	586140	613843	646961	677825
367940	396937	436730	465469	493594	522347	553166	586371	614490	647345	678631
368443	397323	437700	465925	493613	523421	553815	586954	615123	647395	678718
368664	397482	438086	466012	494679	523986	554121	587043	615441	647470	679093
368897	398079	438222	466870	495191	524140	554302	587272	616081	647743	679229
368962	399937	438585	466917	495447	524489	554896	587370	616958	648905	679550
369200	401119	439617	468208	495797	524876	555745	588375	617648	650658	679589
369636	401344	440091	468858	496643	526226	556081	588465	618502	650986	679660
370630	401364	440853	469040	496654	526633	558631	589239	620923	651309	679759
370632	401789	441183	469960	496833	526642	559765	589685	622277	651349	680512
371296	402305	441828	470347	497075	527032	559875	590750	623961	651355	682190
372016	403381	442688	470614	497121	527863	560618	591538	624266	652210	682765


682978	709953	742035	773888	810438	836716	863183	889805	922103	947811	973849
683103	710230	742379	774061	810987	837162	863341	890656	922486	948813	974262
683228	711265	742939	774488	811444	838231	864017	890888	922860	949361	974950
684280	712007	743348	776321	811797	838374	864043	890891	923380	949445	976148
685364	713211	743836	776838	813167	838944	864525	892089	923557	949745	976525
685737	713825	745011	777689	813243	840126	864821	892396	924056	949884	977094
686072	713934	745535	779084	813285	840910	865488	893848	924183	949906	977817
687889	714318	746014	779804	813374	841114	866383	895399	924387	950817	980318
688301	714629	747793	780270	814201	842327	866902	895454	924414	951278	980546
688965	714961	748217	781054	814629	842575	866931	895714	925040	952698	981209
689665	715034	748262	781800	815014	843257	867175	895732	925517	953348	981303
689739	715351	748761	783341	815844	844312	867368	896087	925582	953372	982088
689801	716150	748966	783913	816139	844392	867468	896574	926540	954286	982402
690411	716444	749194	784436	816554	844508	867574	898193	926569	954290	984220
691200	716906	753347	784902	817533	845414	868282	898406	926765	954447	984551
691756	716988	753780	786343	817621	846334	868733	898930	926923	954803	985222
692773	718709	754073	786825	818217	846572	868772	899810	927856	955194	985805
692897	718927	754669	786837	818255	847745	869510	899882	928262	955354	985950
693006	718962	755011	787656	819016	847915	870595	900615	928652	956133	987519
693359	719971	755057	787713	819262	847957	871420	902133	928869	956988	988091
693375	721577	755098	788072	819377	848394	871604	903247	929067	957348	988428
693578	721972	756251	788470	819628	849508	871628	903323	929069	958310	988788
693746	722038	756874	788896	822085	849632	872587	903877	930352	958543	988934
693915	722332	759010	789747	822865	850951	872726	905427	930602	958962	989465
694091	723667	759297	789927	823555	851407	873009	905449	931554	959072	990123
694376	724219	759549	789942	824290	851696	873157	906256	932046	959956	990521
694678	724552	759705	791528	824783	851915	873235	906430	932986	960362	991535
694867	725537	760365	791927	824900	852072	873585	906813	933515	960391	991581
695320	725791	760807	792003	825476	852581	873847	907903	933831	960461	992040
696417	727147	760819	792067	825852	852807	874190	908228	935496	960979	992837
697478	727667	760853	792384	826197	853403	874651	910542	936551	961186	994044
697529	728061	761636	792450	826807	854405	874930	912391	937954	962867	994910
698614	729844	761943	792998	827453	854825	875500	912863	938738	963003	995363
699754	729868	762418	793486	827593	855649	875531	912934	938788	963054	995410
699886	732857	762677	796499	827827	855764	875848	913811	939105	964385	995600
700059	733433	763328	796654	827924	856043	878662	914015	939358	964693	996291
700105	734442	763406	797500	827928	857170	878783	914108	939602	964937	996983
701570	734640	764053	798346	828207	857852	879582	914194	940129	965140	997116
702497	735713	764094	800055	828302	858972	880103	914506	940391	965626	997478
702757	735866	764218	800900	828655	859345	880116	916350	940685	966422	997608
702853	736662	764425	801141	828881	859733	880425	917936	941428	966695	998102
703170	738583	765377	802719	829732	860104	881233	917996	941557	967097	999067
703953	738738	767420	803032	829880	860383	881978	919207	941566	968309	xxxxxx
703989	738960	768300	803081	830425	860395	883012	919239	941934	969650	xxxxxx
704020	739563	769918	803454	831600	860561	883420	919529	942138	970225	xxxxxx
704895	739932	770119	803696	832850	860783	884547	920109	943604	971080	xxxxxx
705265	740645	770943	803945	833490	861546	885471	920359	943643	971181	xxxxxx
705732	740790	770948	806719	833851	861891	885557	921238	943645	971282	xxxxxx
705999	741259	771945	807356	833892	862029	885783	921555	944654	972237	xxxxxx
707525	741593	773478	809172	834339	862133	886626	921619	945219	972912	xxxxxx
707530	741726	773507	809940	835081	862284	886639	921621	947456	973635	xxxxxx
