                     DRAW OF Rs.750/- PRIZE BOND

		        Held At Karachi
Draw No:93rd
Series:	Common Draw					Date:16/01/2023

----------------------------------------------------------------------------------


First Prize of Rs.1,500,000/-

024128
----------------------------------------------------------------------------------

Second Prize of Rs.Rs.500,000/- each.

546784      580518    765113

----------------------------------------------------------------------------------	
						
1696 Prize(s) of 9,300/-  Each

000693	030717	058225	085279	120110	151463	181489	216270	247400	280833	309776
001288	031101	058241	085643	120235	151843	182800	216565	247511	282787	310417
001421	031240	058447	086102	121890	152843	184410	216738	248781	283528	310880
001647	032448	059516	086665	121963	153448	185296	219246	249699	284079	312431
001695	032518	060832	087205	122135	155340	185723	219935	250114	284779	313603
002087	033470	062441	087334	122736	155689	186413	220874	250343	285682	313809
002628	033858	063584	088494	123600	157600	186704	220973	250399	285704	313861
002786	034315	063648	088880	123904	158830	187920	222311	250567	286226	314556
002788	034604	063894	089396	124180	159313	188047	226364	250675	287177	316356
005208	035889	064252	089512	125817	160518	188440	227490	251243	287186	317052
006937	036259	064705	091942	125906	160844	188825	227655	254196	287438	317156
007887	036547	064836	092103	126562	160987	189149	228125	254698	288361	317757
009505	037319	066357	092448	126947	162486	189886	228433	255241	289041	318273
009653	038209	066987	092790	127201	162719	189984	228719	255382	289349	318548
009906	039095	067533	093432	127448	163134	191277	230253	255804	290633	318811
009978	039127	067732	093517	128998	163235	191903	230525	256375	290937	318820
010300	040028	067800	094097	129622	163833	192139	231297	256814	292775	320307
011400	040164	070765	095642	129957	164415	192322	231398	256964	293201	321827
012839	040168	071177	095938	130635	164667	192351	232334	257374	293481	324285
013080	042580	071204	096561	131275	164702	195589	233061	257734	294249	324637
014532	042896	071256	097083	131335	165462	197390	233365	257738	295196	326663
014572	043683	071267	099109	132224	165515	197655	233870	258077	295680	326854
015291	044289	071345	101253	132603	165671	198108	235012	258375	295819	326988
015364	044429	072256	102223	133403	169936	198467	235124	260085	296000	327293
015373	045999	072631	102467	133922	170061	199508	235440	261089	296675	327381
015973	046123	072842	103976	134260	170380	199797	235697	262039	297796	327799
016219	046259	074277	104023	134844	170412	200124	235876	262434	298161	329022
016842	047006	075584	104773	135474	170507	200523	235999	263575	298734	329241
017142	047094	075759	105271	135592	170774	201156	236685	263639	298822	329480
017601	047504	075876	106081	135872	172397	201375	236847	264450	299407	329940
017602	047822	076132	106393	135891	173110	202748	237363	266229	299446	329947
018546	048828	076769	107030	136860	173272	204027	237827	266513	300121	330430
018817	048892	076993	107241	137128	173449	204029	239512	266553	300924	331490
019323	049094	077570	108420	137221	173658	204502	239732	267546	301425	334324
020170	049516	077730	108467	137413	173928	206091	239787	269246	302483	334374
020298	050155	079201	109820	137541	174330	206408	240202	270142	303023	335801
022121	050262	079450	110142	137652	174654	207624	240242	270369	303288	337328
022157	050403	079693	110401	139230	174882	207641	240245	270378	303759	338347
022608	050620	080769	112358	139507	174899	208649	240300	271185	304383	340393
022807	051166	081116	112943	140577	175825	208728	240381	272272	305182	340538
022987	051457	081735	113497	140593	176345	209881	240843	272362	305706	341141
025459	052397	082554	113621	142701	176864	210252	241830	273192	308114	342316
026582	052583	082933	113844	143316	177223	210686	241993	273215	308447	342482
026637	053019	083343	114512	143650	178341	211563	242920	275578	308688	342863
027803	053522	083715	114976	144354	179419	212026	243295	275636	309049	343078
028156	053936	083952	115237	144390	180054	212261	245246	276396	309068	343351
028170	053959	084149	115344	145942	180128	213202	246048	277368	309085	343427
029025	054228	084720	115863	147627	180785	214470	246371	278578	309122	343662
029991	055042	084849	118480	147875	181028	214601	247235	279260	309204	343939
030069	058065	084996	118974	149643	181201	215505	247329	279316	309473	344301


344711	373385	402708	432554	461748	485874	515267	544156	566916	595796	627791
345358	373836	402941	435378	462225	486542	515376	544354	567297	595937	627839
345362	376158	403710	435677	462521	487244	519307	544871	569094	596222	628642
345841	376788	404015	435750	463447	488140	519930	545296	569246	596911	628731
347001	376921	404717	436141	463554	488869	520012	545690	569615	598293	628881
347432	378277	404942	436721	463631	488872	520211	545767	571271	598533	628891
347497	378657	405533	437335	463870	489092	521440	546086	571295	599120	629822
347961	379056	406360	437359	464028	489234	521507	546323	572054	600161	630034
347971	379486	407364	437447	464154	490145	521830	546501	572716	600751	630167
348099	379542	407407	437848	464520	490423	522462	546536	577003	601161	630243
348154	379652	407892	437903	465771	490579	522666	547624	577726	601915	630991
348268	379747	408250	438402	466113	490751	523964	547724	578147	602051	632208
348537	381210	408336	438742	466335	491237	524203	547986	578215	602095	632245
349099	381381	409298	439257	466961	491399	524500	548640	578488	603256	632265
349685	381557	409676	439300	467035	491438	524588	548702	580469	604169	632808
351199	382747	409841	439789	467275	491524	525933	549146	580512	604583	633017
351483	383515	409958	441279	467614	492403	526924	549714	580875	604886	633039
352817	383710	410966	441281	467934	492665	527408	550044	581012	605099	633220
353788	384112	411192	441892	468174	492695	528570	551015	581246	605652	633593
353991	384508	412248	443566	468457	492907	528663	551132	581299	607293	634240
355515	384510	412716	443904	468689	493420	529386	551485	581519	608452	634907
356094	385118	413699	444261	470024	493605	529603	551562	581762	609182	635052
356870	385617	414755	445214	470123	494236	530530	552233	583442	609925	636197
358977	386945	416994	445243	470527	494284	530982	552319	583462	610917	636570
359250	388597	417321	445274	471197	494772	531609	552365	583732	610979	637316
359913	388613	419732	446047	471694	494860	532161	552478	584648	612068	638125
360584	388770	419956	446564	472398	494889	532553	552532	584950	612159	638726
360613	389374	420304	447502	472711	495531	533205	553956	585291	613883	638799
360678	389612	420890	448031	474033	495689	534546	555518	585844	614426	639002
362334	389736	420996	451546	474192	495703	535770	555891	586150	615165	640981
364296	390573	422614	451694	474709	497596	536862	556345	586796	615689	641561
364966	390815	422897	451837	475927	497672	536884	556481	587733	616092	642753
365163	391627	423057	452889	476714	498494	536956	557213	587827	616288	643341
365610	392099	423733	454040	477304	498523	537049	557455	587910	617057	643521
366681	392780	424417	454508	477792	498933	537275	557673	588101	617092	643991
367687	393761	424566	454730	477877	499087	538118	557954	588602	618354	644349
368048	393982	426344	455742	479179	501144	538632	558901	588965	618730	644504
368213	395451	426407	456830	479212	501639	538800	559505	589221	618826	644618
368498	395977	426885	457817	480169	501869	539017	560166	589937	619676	644887
368689	396022	427430	458242	480329	502950	539506	561178	590032	620859	645548
368954	396414	427800	458288	480654	503344	539618	561417	590132	620952	645970
369447	396833	428417	458387	480959	503978	539974	561985	590299	620987	646264
369576	397385	428742	458653	481946	505849	540014	563668	590363	622338	646502
369653	398867	429076	459521	481950	506747	540104	563979	590634	622626	646722
369686	400597	430362	459690	482318	510056	540703	564299	591370	626341	647000
369861	400966	430882	459935	482867	510451	542591	564587	592279	626436	647928
369923	401279	431234	460782	483385	512302	543231	564931	593530	626897	649090
370522	402242	431360	461070	484060	512533	543333	565472	594840	627400	649658
371398	402553	432417	461193	485183	513606	543506	566257	595331	627585	652136
372384	402632	432543	461605	485657	514753	543981	566706	595395	627774	653843


654212	685787	712127	741049	769065	807983	843431	867512	894479	917423	945930	975725
654398	685861	712638	741156	769617	808011	843775	867629	894654	918300	946063	976443
654501	686197	712951	741923	770160	808842	843991	867819	895565	918494	946360	976653
654555	686661	712990	742135	771532	809482	844516	868001	896150	918772	946428	977481
655597	686988	713505	742828	772279	810741	844788	868011	896523	918963	946828	977969
656793	687113	713584	742849	772789	810753	847990	868691	896943	918972	948433	978065
656985	687742	715029	743095	773669	810916	850377	869137	897062	920065	948778	978731
658931	688783	715372	743194	774121	811049	850510	869468	897522	920787	950635	979270
660206	690280	715516	743360	775360	811583	850534	870243	898373	920796	950662	980082
660550	691197	715816	744329	776388	812972	853971	871611	898993	920814	950739	980656
661455	691567	715921	744399	778160	813015	854256	872846	899041	920868	952216	980753
661589	691729	716958	744790	778521	814662	854458	873889	899438	921540	952266	981001
662641	692068	718229	744929	778630	814702	854976	873949	899574	922093	952301	981019
662645	692517	718571	745236	779984	816016	855024	874116	900867	922563	952332	982923
662953	692856	718930	745702	780776	816211	855091	874769	900869	923925	953825	984558
663312	692982	719923	745892	780850	816940	856459	874831	901075	924202	953833	984602
664157	693596	720356	746606	780888	817525	856585	875348	903154	924242	954239	985370
664252	693607	720999	746800	781331	820035	857216	875909	903266	924665	956044	987152
664939	693795	721181	747539	783949	820222	857575	876369	903474	924971	956542	988227
666171	694110	721399	747565	784048	820429	858231	878242	903723	925467	957761	988520
667057	694392	722018	747984	784548	820488	859298	878371	903920	926615	958209	988751
668210	694589	722284	748391	785132	820508	860104	878944	904969	926761	959292	988801
668278	695376	722738	748778	785435	820936	860596	879494	905277	926763	960129	989583
668574	695417	722780	748828	786055	821002	860652	880071	905939	927879	960232	989995
669414	696713	724376	749892	788037	821996	860736	880255	906148	928337	960348	990991
669500	697275	724526	750244	790695	822681	861376	881470	907014	929328	962239	991954
670403	698627	725093	750284	791827	824066	861652	881830	907162	930410	962432	992668
670687	699439	725258	750809	792268	824618	861952	881987	908331	930796	963020	992717
671144	700091	727789	752063	792470	824909	862191	882204	909854	931689	963854	992840
672237	700273	728203	752315	792483	825236	862476	883617	909909	932758	964044	992886
672704	701069	730208	752837	792596	825564	862570	883792	910239	933029	965283	993870
673902	701352	730837	754651	793409	826645	862599	883862	910249	933169	966223	993939
674060	702993	730970	755309	793470	826896	863565	884086	910441	933456	966542	994110
675005	703325	731751	757312	794001	829065	863860	884438	911242	934761	966879	994379
676245	703826	732038	760172	794930	829271	863871	885551	911785	935856	967584	994949
676386	704461	732198	761693	797015	829297	863974	885604	911958	935877	967643	996378
676736	704896	732257	761889	797578	829860	864126	885897	912016	935997	968041	996755
677909	705355	733775	762480	797682	830711	864142	886435	912063	937099	969410	997135
678234	706534	734193	763148	798164	832223	864627	887328	912954	937351	969484	997538
678850	707480	734371	763593	798167	832908	864746	887860	913674	938359	970063	997659
679225	708023	734498	763790	799137	833469	864987	888367	913868	938629	970162	997733
679616	708444	735289	764089	799867	833821	865172	888820	913916	938897	970205	998471
679668	708446	735406	764204	800635	834865	865214	888958	914001	939017	970946	998792
679799	708514	735563	765063	800650	836015	865543	890715	914080	939725	971508	998879
680400	709456	736083	765657	801222	836926	865898	891171	914543	940613	973202	999184
680549	709477	736412	767137	802034	837035	866368	891571	914579	940932	973769	999571
681210	709981	736422	767691	803227	837352	866703	891606	914921	941588	973935	XXXXXX
681510	710319	738947	767987	804232	838362	866834	891769	916284	943506	974089	XXXXXX
685130	711336	739401	768232	804306	839047	866877	891956	916454	944161	974644	XXXXXX
685163	711576	739774	768672	807718	843276	867266	894459	917151	945123	975509	XXXXXX