                     DRAW OF Rs.750/- PRIZE BOND

		        Held At Muzaffarabad
Draw No:96th
Series:	Common Draw					Date:16/10/2023

----------------------------------------------------------------------------------


First Prize of Rs.1,500,000/-

593831
----------------------------------------------------------------------------------

Second Prize of Rs.Rs.500,000/- each.

513366      827500    894418

----------------------------------------------------------------------------------	
						
1696 Prize(s) of 9,300/-  Each


000224	028443	056457	078888	108773	137074	166631	193081	230412	260811	299891
000340	028468	056480	079069	109094	137553	167150	193589	231042	262734	300388
000387	028535	056617	079150	109474	137555	167213	193940	231366	262737	300976
001561	028731	056939	079523	109986	137677	167772	194503	231741	263187	301105
001686	028922	056960	080863	110485	139202	168579	196712	232008	264200	301654
001978	029159	057635	080901	110544	139349	168832	197470	232063	265418	302944
002342	029964	057818	081149	110975	141314	168887	197539	232308	266080	303232
002387	030986	058190	081281	111289	141347	169235	198321	232499	266555	304741
003784	031101	058967	081325	111502	141710	169251	198658	233180	267591	304820
004024	031150	059278	081576	111748	143012	169386	199743	234126	268701	305761
004049	032338	059920	082588	113098	143197	169811	199760	234927	270523	305831
005265	032855	060132	083016	113831	144814	170873	201583	235759	271174	306379
005431	034058	060384	083922	114662	145435	170956	202188	236409	272435	306804
005529	034557	060677	084319	115429	146480	171576	202489	237345	272810	306982
006020	034873	060693	084341	116482	147070	171733	203518	237367	272976	307460
006818	035006	062684	084521	116756	147347	172017	203877	237393	272978	308507
007680	036619	063308	085646	117782	147383	172451	204509	237588	277839	310949
008300	037027	063900	085692	118295	147475	172630	204529	240151	278462	311108
011053	037093	064801	085881	119018	147877	173050	204615	241448	278637	311306
011715	038594	064821	086465	119149	148171	174905	205182	241727	278725	314274
011947	038666	065480	086791	119438	148184	176059	206929	242092	279603	314949
013286	038953	066265	088663	119840	148346	176485	207500	242361	279737	314995
013508	039705	067150	089483	121578	149252	176645	207599	243295	279863	315497
013815	041388	067567	089593	122367	149300	176757	208424	243333	280384	315626
015021	042688	067575	090155	122518	149841	177688	208546	244236	280610	316756
015523	042734	067623	090503	122628	149986	178545	208781	244837	280743	317774
015810	043536	067858	091503	122698	150278	178659	210956	245607	281402	318699
016311	043838	068044	092207	122836	150355	180649	212170	245848	281915	319966
016929	043866	068106	092804	124099	150776	181015	213058	246300	281976	320049
018365	043930	068137	093033	124926	150893	181216	213500	247506	282118	320386
018727	044194	069199	094029	125038	151807	181501	215072	249178	282276	320736
019298	044352	069464	094196	125216	151833	182777	217377	249382	282356	321546
019703	045098	070491	095642	125303	152764	183344	218343	249438	282457	321867
020922	045369	070605	096031	125561	152951	183778	220172	249800	282820	322692
021190	045561	071396	096124	125582	153533	184242	220361	251936	284042	322929
021238	045590	071638	096278	126290	153830	184646	220791	252384	284307	324001
022268	045592	071665	096922	127468	154165	184889	221589	253716	284464	324091
022601	046072	071971	097149	127722	156038	184957	221981	254048	284640	324200
023441	046869	072587	097324	127944	156813	186337	222157	254913	284800	324819
023983	047273	073030	098491	128186	157676	186775	223085	255287	285104	325008
024128	048021	073051	100829	128293	158237	186810	223759	255403	290242	325157
024562	048281	073142	101577	129079	158443	187056	224204	256666	292429	325931
024760	048398	073215	101655	129725	159076	187965	224347	257426	292731	326210
025055	049419	074297	101937	131117	160367	188410	224441	258117	293189	326703
025320	049588	074468	102963	131211	160563	189028	225066	258318	293442	327006
025930	049842	074585	104206	131423	160582	189106	225446	258453	293622	327085
026369	050404	075986	104425	133011	161919	189961	226637	258512	294050	327179
027131	051542	076290	105373	134591	162360	190004	227473	258557	296816	327180
027383	051728	076512	106327	135072	162972	190087	227685	259779	298274	327269
027640	052581	076589	106458	135895	163213	190089	228475	259886	298946	327537
027759	052637	077876	107381	136315	165290	190909	228627	260168	299077	327872
028229	054601	078869	107800	136632	166415	192288	228881	260413	299214	329663
										
										
330156	361814	383305	405154	433035	474045	506447	537485	567071	593497	625394
330369	361907	384379	405286	433111	475211	506685	537801	567304	594192	625464
330725	361949	384595	405426	433572	475386	507696	539444	567439	594223	625535
332141	362137	385052	405493	434150	475578	508201	539632	567953	594652	625573
333087	362891	385370	406456	434787	475796	508420	540107	568166	595001	625936
333318	363774	385650	407053	435216	476367	508946	540524	568560	595576	626024
333458	364414	386677	407254	436626	476566	509798	540904	568748	596497	626070
333475	364469	386789	407985	436913	476915	510166	541606	568842	597224	626195
334959	365245	387055	408285	439262	477038	510299	541823	569168	597396	626989
336472	365841	387614	408484	439544	477221	510753	542602	569594	597437	627781
337204	366084	389566	408523	440282	477507	512060	543121	570865	599961	628860
337403	367204	390347	408526	440617	478395	512467	543567	571734	600085	628898
337529	367987	390550	408628	440893	478592	512944	543965	572072	600979	630330
338402	368424	390606	408929	440904	478606	513441	544391	572427	602054	630992
338804	368899	390802	410696	441562	479418	513993	545015	572640	602692	631109
339845	369448	390839	411998	442221	480243	514657	545788	573068	605013	631252
340059	369505	391159	412228	442536	480824	514906	546390	573082	605054	633005
341807	369881	391616	412245	443806	482293	515852	546951	573343	605465	633607
342049	369948	391715	413083	444396	482782	517069	548241	574229	606213	633836
342502	371363	391961	413088	444950	483129	517120	548336	574554	607514	634034
342738	372315	392856	413348	445807	488190	517283	549842	574566	608190	635061
343350	373397	392939	414526	445903	488494	517486	550785	574614	609184	635474
343812	373604	393511	415234	446103	489327	517552	550839	575083	609323	635892
343925	373640	393549	418325	447085	489548	517584	552497	575460	609660	636242
344140	373902	394046	418951	448384	491603	518024	554221	576544	610680	636535
345372	374366	394868	419116	451331	491907	519067	554345	576633	611600	636785
345826	375238	395059	419332	453223	492419	519986	555042	576699	612569	637274
346177	375945	395728	420965	453833	492444	521864	555918	576718	615099	638085
347488	375968	396150	422547	453846	493303	522491	556071	577505	615769	638297
348390	376016	396412	423879	453982	493708	523205	556841	578917	615785	638486
349001	376351	396471	424210	454308	493774	523384	557075	579274	616255	638669
349173	376443	396989	424411	456002	495591	524448	557168	581089	616269	638992
349619	377106	397259	424731	456149	495725	524538	557561	582213	616427	640255
349707	377905	397447	424845	456278	496448	524900	558339	582541	617370	642597
349789	378104	397537	424985	458798	496735	527004	558344	582969	618063	642963
350917	378460	398924	426165	458895	496758	527241	558591	583385	618125	643557
350960	378773	399779	426827	459493	497152	527574	558928	583613	618493	643868
351082	378824	399819	426855	459892	497447	529139	559622	584643	618814	645329
351104	379409	400164	427054	460555	497994	529764	560654	584824	618880	645579
352167	380744	401011	428408	462057	498578	530527	562121	585536	619539	646943
353533	380943	401344	428432	462417	498890	531429	562480	585962	619924	647252
353804	380989	401918	428589	462647	498968	531537	562663	586253	620609	648626
354142	381089	402295	428767	462901	499190	531983	562934	587488	621070	650469
354329	381175	402647	428962	463301	500051	532333	564152	587532	622439	650520
355199	381359	402733	429052	463833	501192	533121	564321	587789	622440	651415
356401	381368	402970	430245	464957	502389	533301	564430	589560	622552	651739
357226	381658	403708	430276	465104	502481	533841	565802	590562	622620	652180
357372	381780	404055	430345	466356	503208	533869	565833	590842	623957	653203
357496	382169	404142	431536	467428	504068	534830	565948	591717	624306	653613
357987	382448	404170	432268	467617	504387	535072	566043	592246	625245	654245
360394	382850	405122	432413	471549	505046	535114	566343	593252	625330	655809
360713	383153	405123	432782	473915	505671	537309	567021	593283	625350	657010
										
										
657262	690367	727832	755667	793359	824242	856964	890283	917268	942686	973443
657981	690378	728659	756600	793449	824706	857211	890626	917759	942937	973470
658052	690414	728802	757046	793618	825437	857819	890670	918029	943888	976199
658650	691649	728916	758917	793818	826093	858895	891014	918790	943966	976401
658662	692276	729947	759764	793851	826593	858988	891913	919052	945068	977188
660167	692516	731129	760882	794355	827083	859481	892174	920124	945268	978307
660937	697116	731216	762482	794741	827185	859542	892237	920702	946377	979393
661071	697645	732657	763856	795003	827289	860578	893309	922520	946521	979743
661110	697909	732666	763859	795396	827579	860780	893944	924074	947444	980691
661712	698896	732669	765250	795444	827881	861342	894394	924205	950039	980995
662226	699097	732942	766461	795808	828772	861748	895241	924334	950502	982974
662616	699812	733107	766905	795900	828924	862019	895681	924651	950555	983212
662692	699991	733216	767362	798100	829405	862507	895961	925587	951480	983663
663051	700157	733884	767702	798814	829860	862869	896624	925598	951605	983747
663693	700682	735952	768386	800759	829971	863275	896763	925805	951657	983877
663773	700872	736584	768770	800811	832487	864745	897114	925999	953618	984843
665074	701258	736609	768872	802178	833696	865041	897769	926380	954711	985369
665979	702240	737015	769473	802474	834503	865160	897904	926602	954834	985410
666520	703012	738106	770716	802696	834576	865533	898024	926672	955118	985824
666944	703995	741041	772227	803910	835665	865693	898164	927128	955225	986179
667964	705172	742732	773238	804726	835941	865987	900860	927497	955936	986426
669234	705940	743157	773288	804877	837171	866322	901535	927799	956716	986692
672523	706481	743948	773415	805294	837415	866621	901730	928073	957337	987481
672912	706848	744046	774338	805347	838070	867157	901806	928157	958631	987539
673523	706876	744049	774342	805920	838669	868313	901982	928315	958635	988508
674187	708613	744303	774475	806534	838688	868948	901989	929251	958871	988820
674916	709035	744437	775006	806913	839598	869762	902298	929545	959203	990900
675753	709744	745203	775273	807074	840591	869975	903754	930065	961105	992602
676278	713489	745578	775370	807104	840981	870460	904145	932070	961623	993086
676558	713579	746765	775901	807387	841521	870520	904149	932725	961811	993289
676790	714112	747156	776540	808743	841778	872771	906554	932927	964437	993348
677072	714293	747285	776838	809190	841876	874713	908049	934970	965495	994035
677563	717125	747942	777385	811484	843955	875042	908495	935110	966049	994908
677966	717676	748401	778076	811667	844483	875448	909004	935345	966519	995163
678185	720649	748543	779301	813416	844488	875717	909088	935619	966565	996664
678423	721906	749086	780189	815015	844648	875820	909813	935723	966657	998260
679806	721941	749262	782187	815093	844921	875910	910699	936374	966774	998700
679945	723128	749403	786759	815528	845145	876114	910930	936452	967833	999029
680195	723286	749730	787357	815693	845993	876968	910935	936789	968168	999072
681754	723319	749796	787670	816075	846733	878189	911699	937280	968557	999301
682168	723398	749822	787772	816243	849317	878255	912271	938543	968883	999580
683369	724022	750915	788141	816410	849807	878555	912468	938690	968928	999739
683679	724942	751736	788588	816636	850343	880716	913523	939100	969608	xxxxxx
684709	725308	751799	788941	817311	850894	881408	913878	939400	970340	xxxxxx
684721	725711	752287	789146	818336	852294	885003	914293	939967	970663	xxxxxx
685066	725791	753419	789354	821413	853452	885790	915385	940434	971189	xxxxxx
685562	726046	754279	789376	822590	853548	886015	915880	941377	971665	xxxxxx
687681	726470	754888	790214	822592	854056	886321	916176	941787	971735	xxxxxx
687931	726633	754913	790219	823137	855092	887473	916362	941863	972242	xxxxxx
689272	726916	755583	792753	823430	856429	887654	916477	942228	972330	xxxxxx
689344	727023	755633	792952	823538	856824	889348	917263	942321	972766	xxxxxx
