                     DRAW OF Rs.750/- PRIZE BOND

		        Held At Rawalpindi
Draw No:95th
Series:	Common Draw					Date:17/07/2023

----------------------------------------------------------------------------------


First Prize of Rs.1,500,000/-

355591
----------------------------------------------------------------------------------

Second Prize of Rs.Rs.500,000/- each.

081180      232448    747494

----------------------------------------------------------------------------------	
						
1696 Prize(s) of 9,300/-  Each


000752	023643	049278	081854	115136	142902	177500	213099	244554	269640	301470
001168	023771	049373	081992	115164	142914	178413	214828	245866	271880	301719
001344	023781	050115	082594	115369	144959	179255	215378	247021	272087	301832
002390	024151	050244	082705	115416	145891	180029	215534	247275	272128	302184
003345	024398	050985	083813	115978	149539	180532	216727	248206	272352	302410
003979	024896	051855	084471	116857	149751	182182	217353	248885	272574	302566
004688	025346	052472	084515	117411	150288	183311	217501	249486	272613	302775
005041	026532	053878	084529	117645	150336	183837	219528	249814	275309	303403
005157	026845	054096	085500	118240	151634	184726	220236	251611	275533	303989
005353	028413	054247	085814	118244	152342	184819	220694	252226	275565	304287
005405	028514	054716	085932	119332	152502	187209	221938	253843	276583	305042
006129	029753	055807	086026	120046	153923	188204	222306	254160	276830	305065
006706	030019	056295	086989	120350	154152	188538	222746	254932	276856	306178
006839	030158	056760	087489	120840	155173	188680	223915	255169	277374	306185
007740	032011	057525	088674	120875	158162	188896	224292	255890	277589	306197
009062	032036	057776	089974	122370	158244	188962	225006	255892	278436	307409
010074	032712	058045	090167	122793	158664	189264	225644	256119	278670	307576
010573	032771	059233	090490	123185	161045	189721	226622	257304	279430	307752
010810	033332	059816	091508	123637	161071	190162	226676	257433	280353	309290
011294	033344	060416	092614	124665	161790	190446	227144	257679	280601	309590
011818	033761	060975	092850	124825	162097	190536	228484	257920	281579	310538
012769	034432	062153	093348	124875	162590	190677	228620	257971	281994	310587
013012	035623	062222	093646	126016	162838	191107	229189	258161	282304	311060
013470	036266	062773	094415	126243	163008	191116	229871	258464	282371	311130
013869	036386	063799	096244	127730	163192	191412	230442	258537	283439	311199
013957	036653	066849	096879	127834	163948	192317	232778	258746	283780	311594
014017	036674	067655	097249	128803	164143	193283	232939	259962	284787	311649
014468	037411	068585	097883	128911	164412	193682	233216	259965	287385	311661
014471	037501	068643	098920	129146	164494	194102	233366	260167	287655	312219
014629	038042	068773	099067	129304	164694	194291	234081	260409	288264	312510
014633	038272	068916	099519	129899	165534	195126	234400	260629	288622	312789
014731	039414	069079	099670	130006	165564	197021	234404	260780	288990	312986
014812	039732	069124	100989	130026	167153	197749	236107	260866	289113	313152
015003	041146	071889	101518	131158	168001	198219	236698	261041	289528	314132
015153	041454	074433	101772	131265	168289	198335	236763	261158	289551	316151
016046	041573	074455	102133	132079	168626	200840	237629	261895	289682	317031
016392	041781	075078	102500	132149	168863	200898	238732	262124	289687	317374
017837	042818	075538	103925	132351	169339	201529	239308	262329	290964	317559
017980	043608	075774	104922	132782	169384	202700	240015	262798	291044	318224
018004	044203	076613	104936	133454	169642	202962	240709	262980	291147	318691
018534	044640	077146	105140	133681	169687	203467	240796	264689	291165	319633
019188	044727	077520	106254	137229	169783	205455	240889	264965	291329	319869
019538	045624	077608	106274	137463	170324	206090	241562	265495	294045	320241
019841	045834	077684	106763	137751	171573	206836	241609	265499	294378	320703
020235	046015	078358	107394	138313	172973	207382	242164	266189	295406	321011
020955	047321	078545	107687	140149	173961	207823	242453	267164	296747	321986
021598	048417	078972	107749	140787	174060	207854	242465	267482	297556	322566
021849	048543	079274	108864	141240	174103	208003	243019	267674	298346	323557
022248	048732	079359	109429	141398	174137	208357	243149	268021	299709	323712
022397	048764	079538	111967	142252	174593	209383	243276	268961	299969	323994
023256	049217	080924	112698	142741	175347	211280	244118	269368	300038	327229
023344	049241	081387	113357	142766	176520	212994	244149	269497	300265	327518


328139	361476	394120	424637	454995	484427	520785	554373	586256	617308	648770
328654	361561	394899	424732	455297	484964	521010	554549	587291	618940	648945
330834	361882	395292	424919	455454	485904	521130	554681	588003	619085	649501
331407	362885	396476	425104	455463	486046	521944	559193	588293	619138	649966
331500	363277	398647	425496	456679	486868	522728	559329	589141	619357	650716
331900	363348	398993	426868	457268	487512	522776	559349	589694	619807	651899
332430	365146	399146	428662	457326	487677	523103	561079	589821	620938	652157
333509	366067	399156	429548	457510	489742	523771	562173	591190	621245	652899
333631	366147	399541	430412	457672	491834	524342	562712	591506	621994	653880
333718	366160	399782	431373	458656	492006	526146	563592	591759	622353	654145
333933	368143	400129	431567	458992	492479	526572	564188	593003	622940	654282
335713	368787	401263	431787	460181	492655	526744	564813	593054	623690	655384
335987	370610	401379	431813	460224	493477	527047	565527	593347	623870	655672
337003	371137	401889	431825	461497	494451	527272	566439	594506	624390	655891
337336	371294	402137	432393	461500	494799	527650	566475	595170	624507	655969
337784	373388	402212	432630	462353	495107	527739	567382	595834	625155	656868
338388	373520	402214	432775	462637	495874	527771	567621	596781	625273	657095
338539	374220	402310	433034	462978	496898	527998	567826	598222	626254	657154
338796	374273	402756	433346	463246	497180	528008	568347	598874	628791	657687
338892	375064	402846	433554	463601	498216	529530	568463	599560	629026	657885
339273	376367	403376	434037	464058	498826	530333	569081	600536	630688	658698
339349	376480	404595	434640	464392	500241	530351	570819	602252	631196	659312
339524	376592	406156	435025	465177	501029	530371	570982	604121	631312	659610
339613	376626	406441	435776	465992	501679	530437	571341	604598	631870	659961
341592	376637	406868	435812	466276	501764	530495	572782	604964	632002	660376
342235	377189	407967	436400	466847	502770	530759	573127	605028	632330	661000
342252	378188	408205	436672	468614	503812	531015	573416	605398	633024	661846
342311	379618	408256	437919	469143	503967	532166	574332	605792	634076	663041
342319	380483	409204	439483	469183	504935	532637	574891	605845	634166	663106
343673	380722	410097	440822	469366	505900	534649	575165	606716	635042	665126
345778	380972	410475	441145	470947	506958	535344	575993	606755	635436	666799
347581	384520	410687	442277	471534	507118	535803	576649	607276	636187	667169
348239	384809	411037	444163	471990	508252	536516	576878	607891	638388	667186
350126	385782	411054	444177	474929	508653	537466	577105	608126	638863	667355
351141	386884	411421	445912	475070	509191	538809	577385	608243	639551	668373
352195	387612	411991	446451	476393	509690	539396	577643	608322	639946	668445
352349	387940	412584	447251	476752	509886	540509	577801	609015	639991	668671
352355	388931	412897	449092	476788	511069	540551	578542	609449	640340	668890
352534	389163	413675	449521	476912	511259	541219	581294	610637	640608	669170
352835	389701	414274	450302	477672	511691	542504	581463	611028	640744	669655
353288	389713	414560	450316	478228	512013	543211	581536	611184	640756	669773
353500	390181	414991	450706	478290	512621	544538	582367	611245	641448	669866
353562	390399	415339	450882	478485	513088	545149	582369	611424	641720	671721
353734	390469	415509	451136	478663	513237	545223	582871	611563	642572	672107
354248	390822	415923	451516	478990	513452	546879	583485	611707	642815	672534
358467	390882	418621	451563	479261	513925	548470	583996	611944	642939	672788
358572	391720	419166	451639	482648	514720	548510	584552	612704	644933	675113
358597	392439	419714	452467	483396	514828	550021	584555	612767	645183	678055
358780	392504	420557	453926	483466	515513	551004	584676	614571	645528	678737
358987	393234	422051	454508	483878	515900	552068	585422	614915	646519	679533
359161	393476	423814	454652	484088	518414	553040	585645	616607	648199	680078
359623	393668	423929	454734	484424	519150	554033	585652	616768	648638	682324


683225	715167	745020	773626	805563	838614	866699	889568	913098	946358	977896
683474	715709	746212	774463	806094	839434	866771	890585	913714	946495	978195
684165	716415	748108	776033	807305	841719	867082	890910	915032	946682	978520
686726	716724	748225	776245	810010	841810	867085	891239	916088	947537	979949
686876	716823	749451	776333	810087	843980	867307	892104	916836	947809	980107
687915	717809	750709	776715	811240	844439	868431	892110	918281	947856	980339
689226	718072	751243	777783	811384	844782	868457	892547	919366	948943	981593
689921	719422	751398	778771	811517	844882	868597	892987	920441	949938	981627
690725	719985	751573	779947	812762	844905	869528	893008	921028	950200	982335
690974	720523	752488	780266	813077	845084	869990	894737	921908	950710	982361
691575	720683	753716	780567	814077	845408	870190	894809	922023	952024	982539
692381	720694	753758	781687	815045	845418	870374	895335	922393	952201	982950
692847	720745	753854	781702	816150	845609	871074	895338	922834	952750	983653
692953	720853	754624	782781	818147	846099	871137	896190	922986	953907	984436
693201	720908	754928	783087	818158	846310	871152	896929	923523	953924	984981
695627	720914	755670	784687	819373	846921	871835	897076	923719	954907	986144
695920	720954	755994	785741	819508	847578	872353	897336	923769	955047	986963
697357	722040	756232	787623	820488	848459	872374	897388	923883	955588	987175
697596	723139	757187	788099	820573	849670	872381	899544	924453	957098	987405
697623	723381	757379	788622	820937	849905	872384	900016	925211	957601	987553
697834	724947	757671	788701	821532	850454	873140	900159	925361	958307	989557
697970	726015	757692	788999	822796	852089	873674	900655	927301	959510	989891
698749	726192	757771	789467	823980	852648	874116	901687	927487	959618	990047
699507	727629	757834	789497	824138	853258	874319	901863	927681	959810	991188
702422	727659	758478	789666	824469	853852	874324	901868	928085	960553	991285
703352	727670	758616	789682	824856	853922	874362	902992	929351	961605	992851
703839	727727	758642	790487	824990	855618	874709	903043	929943	963308	992949
703927	728528	759543	791504	825062	855856	874895	903752	930636	965186	993097
704772	730767	760286	792343	825226	856088	874958	904065	932343	965650	994009
706543	731294	760560	792371	826636	856413	875217	904213	932732	967724	994460
707136	731812	760699	792507	827081	857585	875803	904258	933505	967875	995415
708189	732507	761175	792517	827362	858199	875861	904455	935121	968192	995655
709343	732744	761866	792660	827673	858234	876552	904715	935191	970535	995915
709420	733165	763196	793451	828177	859088	877556	904828	935300	970877	996124
709738	733861	763953	794698	828366	859775	877845	905273	935597	971122	997225
709876	734317	763978	794765	828905	860926	878575	906255	936070	971186	998035
709970	734655	764741	794870	829255	861104	879165	906317	937877	971755	998149
710069	735634	764953	795854	830213	861474	879954	906861	938330	971769	998687
710088	736788	766744	798278	830371	861595	881014	907052	938503	971790	998939
710462	736803	766920	799796	831189	861872	881208	908343	939449	971885	999729
710500	737003	767566	800238	831239	862307	881242	908672	939518	972024	999853
710630	737179	768495	800893	832738	862828	881590	908738	940074	972700	999915
710906	737765	769559	801284	832905	863012	882434	908963	940947	972976	******
711143	737768	769720	801929	833646	863030	883168	909644	941314	973260	******
711785	738670	769896	802561	833684	864192	884551	909809	942750	973673	******
711832	739668	770278	803151	835033	864461	884688	909905	942979	973701	******
712019	740000	770835	803980	835632	865218	885163	910369	943015	973958	******
712979	740935	772077	804029	836635	865473	886308	910590	943155	975216	******
713596	742157	772764	804449	836879	865483	887313	911052	944905	975342	******
713744	742997	773316	804787	836940	865719	888607	911164	945048	976031	******
714064	743294	773324	804926	837750	866055	889233	911950	946054	976232	******