                     DRAW OF Rs.750/- PRIZE BOND

		        HELD AT PESHAWAR
Draw No.89TH					

Series:	Common Draw					Date:17/01/2022

----------------------------------------------------------------------------------



First Prize of Rs.1,500,000/-



004208
----------------------------------------------------------------------------------



Second Prize of Rs.Rs.500,000/- each.



511294   549996  983274

----------------------------------------------------------------------------------	

										

1696 Prize(s) of 9,300/-  Each

000005	027989	057524	091064	123816	160210	186727	209819	240509	265194	292588
000205	028881	057563	091358	125892	160217	186781	210823	241385	266610	293060
000584	029486	058443	091441	126406	161112	187467	212544	241483	267357	295918
001637	029724	059319	092291	128039	162509	187825	214863	245366	268333	297249
002118	029982	059528	093072	128188	162658	187906	215693	245866	268906	298640
002728	030710	059954	093489	128335	162824	188383	215792	246581	269558	298912
003176	031413	060338	093981	129591	163273	188610	216161	246603	269660	299831
003801	031772	060808	094242	129845	164033	188935	216194	246648	269734	299939
004144	032326	061052	094693	130184	164093	189072	216782	247872	269920	300239
004965	032344	061222	095279	130315	164250	190601	216856	247876	271268	301247
005237	032385	061477	095763	130556	164516	190760	216881	249958	271675	302706
005324	032776	061795	095771	131178	166733	192099	216956	250362	272025	302960
005741	033794	062173	096574	131455	166783	192161	218038	250905	272277	303603
006047	034381	062714	097574	131640	166946	192390	218133	251396	272781	303643
006235	034537	063554	097700	132290	167053	192888	218802	251550	273866	304394
006526	034631	064313	098100	133140	167593	193546	219355	251563	274015	304575
006596	035682	067003	098222	135753	167768	193589	219505	252774	275130	305206
006718	035759	068084	098571	138193	168895	194051	220392	253097	275416	306298
006733	036976	068205	098811	138222	169096	194147	220416	253171	276605	306366
007435	037322	068915	099251	138910	170298	194594	220490	253407	277272	306464
008761	037580	069237	099824	139369	170355	194789	221075	253600	277606	307070
008806	038264	069424	100161	140135	170598	195135	222690	254347	278175	307866
008851	038508	069970	100693	140382	172919	195490	224385	254723	278757	308218
009117	039837	070089	102991	141251	173289	195723	224530	255110	280066	308594
009145	040098	070669	103190	142077	174724	196452	225437	255499	281087	309787
009641	040819	070976	103378	144357	174936	197223	226069	255756	281176	310118
009754	040930	070983	104509	144713	175227	197505	226089	255889	281333	310301
010382	040957	071258	107465	145151	175945	197753	226433	256403	283134	311277
010588	041647	072908	107572	145655	176088	198255	228486	256845	283899	311466
011067	041742	073686	107711	146178	176222	198311	229208	256904	284212	313822
011300	042770	074033	109319	146887	176802	199771	229871	257049	284326	314416
011658	043975	074146	109521	148252	177250	199862	230685	257190	284513	314670
012859	044094	076095	109719	148491	177365	199885	230873	257204	284598	315197
013143	044305	076501	109999	149522	178410	200622	231405	257217	284868	315386
015857	045346	078247	110281	149888	178441	200825	231696	257245	284947	315542
017572	046522	078326	111862	150712	178446	200894	232406	258328	285058	315686
018553	047133	078426	113037	150756	179913	201890	232465	258452	285680	316472
019016	047144	080316	113850	150789	181260	202395	232874	259166	285734	318063
020350	047653	080377	114345	151373	181924	202438	232974	259731	285910	318706
020635	048238	080486	115019	151863	181966	204940	234292	260378	285990	319282
020687	048597	080913	115724	152953	182017	205155	234338	261226	286058	319623
020850	049417	081381	115815	153332	182224	205226	234579	261947	286194	319707
021606	049501	083079	116141	153709	182399	205970	235116	262320	286322	321364
021843	049734	084188	116515	153856	182785	205995	235741	263270	289723	321530
023547	050369	084985	117152	155520	182848	205996	236041	263299	289972	322079
023587	051926	086306	117608	155858	182935	206678	236116	263361	290435	322593
024133	052112	087602	117766	157096	183796	206915	237834	263457	291015	323293
024159	052405	089076	119081	158552	184340	207470	237847	263996	291214	323478
025185	055829	089468	119348	158746	184776	207777	238424	264036	291451	323703
026500	055911	089910	119989	158806	184801	207967	239076	264641	291914	324006
027165	056194	090552	121789	158848	185313	208704	239148	264805	292153	324266
027716	057035	090577	123564	159440	185548	209145	239306	265051	292298	324428


324447	354669	389620	425153	448255	472835	510258	537951	576626	606081	642784
326263	355681	389850	425184	448327	473529	510938	538752	577054	606893	643316
326607	357632	390737	426734	448618	473599	511048	539503	577107	607427	643448
326913	360743	391388	426769	448725	474156	511091	540360	577725	608586	643824
326978	360800	395592	427097	449004	475416	511396	540493	578892	610438	644350
327113	361408	395794	427550	450796	475615	513031	543777	579748	610853	644475
327217	362067	395826	427935	451448	477095	513117	544371	580784	613160	644604
327842	362199	396929	428579	452158	477142	513676	544530	580932	613463	645737
330470	362389	397536	430487	452997	478027	514180	544968	581374	613735	646594
331184	363287	399056	430494	453002	479538	515306	545039	581545	614523	646891
332466	365124	400172	430499	453121	479747	515448	546293	581616	614926	648270
332799	365873	400546	430626	453240	479748	516250	546463	583948	616254	649607
332902	366519	401868	431455	453770	479794	516716	546870	584155	616543	652147
332947	366552	403384	432142	453797	480542	517931	547238	584296	616624	652349
333176	366613	404141	432157	453833	480656	519069	547441	584347	616818	652800
334167	366918	404625	432367	454320	483198	519796	550376	585260	617583	653446
335431	368477	405962	432500	454563	483976	519902	552088	585505	618570	654572
335845	368924	407326	432513	454622	484519	520081	552868	585816	618803	655528
336156	369217	407916	432902	454701	485438	520133	552991	585992	619513	655572
336301	370781	409112	433089	455104	486070	520280	553197	586637	619788	655942
336720	371109	409853	433444	455549	486695	521089	554112	587260	623688	656588
337362	371859	409882	433568	455818	487447	521208	554219	587824	623703	656629
337942	371867	410486	433642	456568	488465	521542	554666	589006	623927	656983
338090	371903	410542	434465	456775	488784	522734	555731	589160	624404	658722
338929	372337	410603	435661	457151	490619	524978	556876	589463	624748	659801
339105	373901	410847	435954	457246	490685	525303	557402	589686	624757	660805
340348	373978	411448	435965	457945	491010	525375	558523	591162	624786	661231
341298	374162	411563	436725	457954	493529	525833	558841	592332	624871	661448
341326	375661	411845	436996	458092	495274	525965	559086	592773	625300	662504
341912	375698	413875	437277	458617	496389	526861	560486	593064	626182	663322
342199	377217	414247	437556	458911	496834	526869	560709	593186	628448	663510
342528	377836	414830	438160	459645	496987	527167	560963	593531	628678	663628
343416	378269	415772	438291	459692	497365	527285	561272	593544	628867	663925
343671	378560	416264	438467	460619	499906	528224	561671	594859	629432	664272
343740	378854	416279	438653	462737	500039	528246	562167	594946	629817	664597
344528	379577	416819	438894	463584	501190	528358	562331	595076	630014	664612
346314	379809	416978	440167	463729	501945	528642	562528	596770	630774	664781
346348	380125	417159	440917	464325	503475	529612	562867	598328	630972	665098
346540	381504	418039	441143	464759	504101	530609	563887	598429	630973	665976
347297	381872	419697	441808	465004	504941	531529	564183	598477	631974	668220
347352	381958	420254	441947	465077	504982	532008	564779	598943	632421	669738
348856	382125	420790	442263	466406	505533	532287	569879	599255	632948	671354
349040	382242	421560	443456	466820	506040	532799	571164	599673	634683	674211
349116	382351	422591	443771	467267	506744	532988	571248	600205	636616	674614
350726	382704	422625	445214	467297	507496	532993	572244	601120	637473	675564
351950	383000	423168	445547	467381	507510	533299	572335	602065	639560	676111
352101	384077	423713	445757	468127	508047	535178	572933	602274	640595	676463
352160	384313	423774	446055	468414	508239	535199	573134	603894	641364	678823
353464	387236	424230	446382	469949	508562	535415	573484	604829	641519	679133
353751	387244	424478	446664	470598	509552	536190	574863	604855	641639	679665
353780	387398	424672	447060	470688	509589	536238	574916	605273	642053	680100
354207	388522	425116	447992	472609	510230	536428	575388	605701	642139	680383

680762	717406	746380	780141	804394	827289	849253	885452	921850	948310	980465
681648	717870	747426	780301	804540	827416	849434	885673	922044	948454	980549
681902	717871	749090	781285	804931	827554	849601	885767	922128	948759	981662
682602	718892	749279	781573	805166	827634	852537	886154	922303	949114	982406
682742	719158	750313	781706	805172	827839	854860	888623	923043	949423	982568
683074	719863	750753	781739	806255	829454	855187	889052	923059	951314	982754
683168	719880	750970	782140	806693	829770	855235	889395	923893	951737	983313
684107	719983	751564	782433	807233	830420	856473	889963	923939	951745	983338
684148	719986	752307	782578	807509	830686	856628	891233	924064	952592	983848
685370	720530	754302	784015	807659	830863	856999	891444	925077	953217	985013
685460	720827	754837	784283	809666	831381	857019	892116	925662	953978	985308
685878	721467	755706	785040	809788	831538	857594	892926	926358	954757	985604
688010	721800	756398	786666	810094	831738	858906	893082	926478	955292	986446
688551	722975	758268	786810	810897	831881	859346	893449	926934	955454	987201
688589	724407	759349	786822	811779	832193	860318	893540	927150	956661	987213
690040	725344	759529	787057	812016	832198	861005	894449	929139	957894	987764
690987	727057	759863	787126	812128	833354	864917	894774	930653	958081	988249
691256	727445	759915	788646	813899	834083	865046	895228	931866	959751	988416
691366	727524	760515	788711	815579	834545	865063	896414	932860	961231	989069
691476	727924	761548	788743	815838	834549	867458	897908	932962	961638	989287
691804	728610	762762	789132	816468	835116	867625	898095	933041	962205	989355
693855	728751	764342	789543	816485	836648	868083	898369	933363	962520	990085
694326	730662	764454	789580	816727	837122	869112	899493	934085	963024	990436
696081	731880	764568	789732	816892	837436	869126	899795	934884	963077	991189
696104	731966	764728	791292	817216	837802	869335	900721	935923	963208	993289
696693	732487	765639	791645	817248	837998	869755	900947	936030	963668	993452
697947	732605	765749	791651	817278	838397	872163	902513	937151	963673	993679
699616	732684	766126	793345	817358	838794	872366	903415	937425	963776	993740
701309	736095	766808	794034	817552	838867	872394	903435	937952	963830	993951
701397	736797	767364	794455	817610	838918	872832	903502	939267	964965	994239
701884	737317	767707	795126	817681	839150	873869	903564	939593	964974	995419
702791	738051	769156	795133	817801	839359	874392	904362	940832	965450	995692
703280	738161	769475	796399	818593	839370	874602	904630	941186	965591	996124
704199	739408	769834	797041	818927	839523	874863	904754	942338	966237	996394
705700	739961	770706	797254	819007	839900	876023	905314	942746	967076	996611
706345	740141	770866	797289	819701	840346	876568	905970	942869	968675	997308
706424	741019	771296	797343	820173	840452	876955	907446	943260	971205	997398
708850	741035	772061	797471	821073	840766	877190	907506	943512	974300	997687
710399	741208	772293	798249	821502	840803	877553	907587	943571	974756	998229
710882	742159	774617	798342	822017	842467	878006	909633	944062	975545	998353
710937	742689	774913	798600	822283	842480	878061	912435	944093	976396	998451
712479	742750	775275	800942	822444	842842	878700	912531	944297	977428	999145
712907	742783	775591	801160	822507	843722	879775	912970	944456	977922	******
713635	744689	776087	801466	823258	843927	880269	913823	945301	978057	******
714159	744691	776278	801678	823589	844184	880500	914613	945960	978077	******
715300	745041	777300	801705	823826	846569	880507	915896	946127	978098	******
715835	745296	777344	802639	824488	846572	882419	918638	946254	979232	******
715923	745620	777889	802666	825456	846976	882938	918928	946302	979305	******
715953	745951	777975	803079	826078	847222	883276	920432	946688	980082	******
717129	746084	778481	803108	826367	847884	883288	921386	947133	980266	******
717343	746254	778505	803571	826408	848779	883750	921615	948209	980321	******
