                     DRAW OF Rs.750/- PRIZE BOND

		        Held At Quetta
Draw No:92nd
Series:	Common Draw					Date:17/10/2022

----------------------------------------------------------------------------------



First Prize of Rs.1,500,000/-



141795
----------------------------------------------------------------------------------



Second Prize of Rs.Rs.500,000/- each.

203689      317910    598900

----------------------------------------------------------------------------------	

										

1696 Prize(s) of 9,300/-  Each


000139	031445	058165	086989	109565	132973	162802	195328	222640	250221	274781
000245	031508	058730	087147	109713	134060	163608	195554	222741	250261	275403
000343	032607	059037	087508	110058	134786	164504	196469	223143	250321	275405
000975	033096	059964	088564	110108	135033	164807	197042	223989	251497	276747
002027	033167	060285	088737	110855	135087	165299	197917	226644	251785	276782
002889	033185	060463	088866	111494	135201	165442	198211	227056	252216	277211
003917	033618	060585	088962	111677	135605	165875	198227	227188	252225	278457
004157	033697	060696	089031	112562	137181	167228	198247	227830	252419	278866
004802	034947	061434	089074	113117	138110	167645	198847	228478	252579	279946
005321	035415	061608	089082	113624	138628	168110	198926	229148	253649	280081
005437	037606	061615	090460	114589	139619	168509	199414	229451	254155	280321
006150	038003	061863	090958	115556	139623	168664	200600	229677	254522	281058
006346	038880	061916	091178	116366	140330	170071	205341	229754	254692	281578
006382	039213	062383	091205	116719	140386	171031	205511	229761	255449	281601
006897	039743	062898	091281	119174	140794	171070	205585	230113	255621	281746
007183	040816	063070	091424	120442	141371	171089	206634	231158	255797	282379
008543	041102	063219	091549	120495	142191	171138	206893	231978	256018	282613
009056	041518	064089	091824	121093	142327	171600	207368	232172	256249	283504
009259	041619	064095	091852	121117	142428	171673	208006	232183	257035	284314
010224	041706	064371	091892	121163	142922	174150	208270	233858	257509	284625
014479	042659	065032	092858	121371	143223	175424	208526	234293	257889	284788
014574	042977	066878	093019	121400	144305	175429	208697	234566	257990	285559
014698	043839	068248	093610	121606	146707	175578	209307	234598	258598	285693
016321	044880	069148	094204	121694	147658	176005	210194	235105	258950	285907
016804	044895	069297	094428	121883	150123	176246	210230	235295	261129	286000
017411	045635	069324	094568	121914	151755	176260	210597	235781	261716	286006
017424	045646	070187	094761	121926	153070	176469	210649	235807	261904	286324
018585	045791	070338	095285	122228	153491	177632	210899	236596	261994	286325
019359	045861	071582	096339	122597	153559	178853	211496	237023	262316	286524
019634	045916	071658	096456	123519	153815	178854	212126	237552	263086	287192
020057	046756	072224	096746	124110	153843	178874	212464	237756	263186	287997
020312	046770	072929	097728	124322	153977	179827	213670	238884	263829	288235
020523	047880	073819	097751	124782	154056	179843	214056	239033	264097	288957
020546	049208	074685	097945	124955	154197	180610	214519	239696	264367	289188
020549	049471	075022	099534	125184	154619	180863	214619	239927	264647	289393
021186	050522	075682	100264	125585	156218	181788	214704	240781	264727	289950
021224	051735	075754	101273	125658	157309	183144	214750	242638	265165	290655
021843	052983	076193	101457	126336	157378	183199	215190	242974	265447	291562
022609	053330	076220	103048	126688	158197	183567	216449	243486	265849	291573
022986	053468	076509	103095	127262	158389	183615	217057	244144	266852	293056
023205	053614	076565	103707	127722	158708	184754	217452	244610	267392	293388
023924	053898	078974	104553	128888	158756	185671	217975	245231	268234	295407
024376	054337	079971	104679	129139	158779	186782	218050	246704	268836	296071
024506	054469	080118	104755	129179	159019	188684	218106	247202	268970	296438
024713	055561	081390	105321	130168	159144	188841	218521	247245	269070	296964
024903	055569	082331	107154	130570	159740	188958	218784	248549	270605	298050
025142	056001	082841	107461	130671	160786	188989	219355	248721	271650	298068
026137	056884	082881	107831	130912	160884	189593	220943	249536	271686	298379
028306	057043	083808	107835	131642	160900	190511	221199	249575	273471	298406
028712	057579	084628	108624	131664	161217	191021	221558	249791	274316	298546
030384	057945	085920	109081	132201	161456	191804	221662	249884	274566	298725
031378	058032	086904	109438	132425	161494	193017	221844	250095	274595	300526
										
										
300587	328381	352942	379006	407753	435748	464315	495718	537789	564583	600543
300956	328561	353622	379300	408908	436017	464332	496512	537934	564787	601658
301315	329516	353877	379449	411117	436264	470306	496533	538887	565536	602007
301449	329827	354988	380861	411268	439707	470355	496609	539037	565793	603385
302403	330896	357117	380862	413818	439718	471020	496707	539065	566546	604464
302883	331157	357129	380982	413890	440209	471051	497354	540246	566757	604606
302900	331630	357152	382508	414619	440252	472302	498277	540976	566990	604782
303428	332229	357206	382766	415657	440389	473182	498515	541292	567091	605060
303629	333046	357466	382934	415951	440575	473779	499461	541657	568510	605580
305187	333227	357540	383150	417067	441448	473994	501723	541852	571876	605938
305202	333288	357786	384333	417171	441714	476325	502031	542041	573420	606572
306943	333835	358184	384875	418650	441947	476877	502582	542725	573493	607202
307760	334045	358202	385377	418697	442241	477651	503014	543694	573771	609965
307815	334523	358352	386187	418746	442332	477998	504454	543710	574573	610377
308598	334712	358402	386537	419117	442595	478269	504643	543917	575492	610401
308977	334855	358813	387125	419120	443296	478388	504657	543942	575575	610477
309303	334963	358935	387364	419411	443809	479021	504883	544139	578009	610938
309364	335120	359295	387469	419462	444355	479077	507053	544387	578505	611411
309630	335146	359485	387692	420316	444572	479879	508924	545174	580443	612235
310007	335478	359561	387910	420623	445727	479967	509354	545175	580855	613434
310226	336607	359860	389561	421068	445894	480300	509496	545628	580967	613749
310290	336640	360130	389712	421682	446223	480346	510474	548737	581652	616419
310369	336902	360312	390159	422357	447082	481440	511950	549258	582249	616491
311585	336964	360940	391927	422417	447591	482700	512279	549784	582843	617611
311602	336968	361933	392376	422780	448037	482986	513992	549849	583407	618486
311748	337876	362144	394170	422828	448721	483075	515738	550075	583595	618625
311877	338320	362806	394333	423019	449041	483492	517287	550155	583771	620431
312204	339330	363525	394649	424508	449045	483507	518647	550243	583944	621442
312306	339879	365040	396988	424684	449701	483703	519556	551451	585040	622277
312400	340101	366068	397254	425002	450249	484181	520412	551637	585421	622761
312412	340427	366243	398396	425330	450529	484625	520758	551887	586029	624150
312639	341145	366661	398438	425853	452444	484947	521411	553060	586532	624751
313135	341220	366969	399524	427290	453158	485102	521864	553158	586609	625195
315997	341416	368363	399651	427934	453718	485177	521946	553599	587337	627027
316344	341419	369792	400829	428161	454026	485479	521989	554491	587765	628903
318179	341531	370160	401044	428335	454516	487298	523792	555082	589700	629244
319001	342915	370379	401233	429246	455717	487733	526287	555718	590389	630394
319664	343159	370692	401529	429263	456410	489295	526394	556808	590398	631331
319738	344586	370740	402527	429753	456868	490411	526413	557080	590914	631968
319801	344643	371366	402693	430319	457394	491204	528548	557791	591190	632216
320128	344879	371499	403913	431094	457835	491663	528597	558381	591610	632746
321310	345241	371736	404000	431541	457976	492368	529457	559480	591631	633585
322077	345607	372663	404010	431830	458118	492534	530272	559758	591819	633854
323251	345936	372736	404107	432104	460069	493931	530785	560577	591883	635500
323656	346307	373365	404178	432951	460209	494007	532705	561464	593029	635953
323982	347823	375565	404217	433298	460590	494238	533054	561669	594933	636399
324992	348364	376308	404472	433656	460712	494257	533092	562423	596034	636721
325014	348601	376716	405501	433801	461448	494356	533100	562948	598043	637052
327422	348835	376947	406375	434512	461863	494395	533612	563267	599091	637385
327635	349852	377147	406473	435262	461963	494823	533800	563296	599434	638619
327684	350039	377335	407005	435537	462750	494917	534147	563325	599791	639435
327827	350108	378738	407212	435714	463619	494995	535158	564386	600154	639878
										
										
639881	669122	692394	726611	760213	795494	833850	866142	895009	928878	968581
640223	669424	693149	727132	761603	796340	834025	866233	895988	929810	969288
640235	669595	694085	728140	762201	796824	834450	866458	896136	932399	969777
640522	671426	694713	728580	762846	798670	835778	866741	896557	932872	971898
642948	672059	695950	729432	763288	799051	836083	867025	896591	933179	972943
643250	673006	696373	729459	763478	799052	836238	867795	896609	933464	973345
643582	673394	696412	729654	763529	802652	837034	867857	897514	933468	973365
644491	673499	699086	730045	764124	802830	837330	867888	899317	933515	973381
645119	673599	699171	731827	764378	803618	837927	868269	899326	936716	975252
645421	673782	699628	732021	765894	803686	839882	869496	899656	938217	975418
645438	673970	699636	733020	766535	805074	840333	870129	899791	938540	975900
646513	674173	702080	734016	766768	805201	840345	870651	901320	938671	976074
646578	674364	702651	734251	767622	805301	840989	871231	902393	939192	976094
647113	674617	703452	735017	767980	805887	841741	871271	902858	940829	976390
647791	674872	704603	735270	769036	806280	842047	874841	902957	940911	976769
648979	675159	704969	736140	769323	806281	842861	875029	903483	941561	978992
649178	675832	705171	736855	770365	807116	843604	875313	903681	942025	979311
649920	675900	706802	736870	770667	807635	844008	875370	903817	944382	981679
650004	676857	707314	737027	770963	807776	844527	875382	904443	945344	982153
651408	677064	708026	737352	772379	807994	844607	875924	904988	945906	982695
651914	677177	710238	738288	773360	810326	844906	876103	905087	947042	983027
652377	677841	710517	738396	774334	810415	846440	876404	906159	947801	983421
652584	679037	710717	741849	774592	810831	847633	876430	906632	950018	983444
653155	679054	710871	742227	775692	812567	847881	877166	906884	950170	983866
653544	679159	710969	742300	777264	813468	850209	877939	908214	950175	984217
654000	679367	711529	743571	777846	813914	850986	877969	909494	950886	984787
655239	679544	711660	744657	778114	814901	851310	878841	909547	951298	984847
655509	680485	711837	745332	778634	816587	852800	879579	909647	951948	985686
655932	680671	712932	745408	780027	816669	853388	879635	910182	951982	985738
656585	680860	713583	745967	780108	816760	853606	880292	910770	953033	987183
657165	681276	714608	745988	780328	817351	854121	880301	911190	953095	988967
657215	681770	714662	746590	780494	819087	854555	881424	911598	953444	989190
658242	682231	715237	746744	782048	820871	854727	881923	912928	953611	989855
658272	682579	716162	746757	782049	822370	855650	882243	913108	953825	990692
659210	683907	716950	747192	782476	822400	855765	882384	913620	954724	992955
659335	684359	717106	747560	782813	823818	855862	882443	914875	954740	993417
659580	686108	717319	749076	782939	823996	856373	883120	915841	956188	996159
659886	686358	718835	749587	783164	824030	857058	883285	916205	957211	996420
659959	686429	720114	750061	786172	824828	857078	883305	917035	957723	998088
661441	687187	721244	752325	788158	824888	857208	884168	917935	958524	998621
662402	687403	721752	753000	788703	825274	857644	887254	919659	959082	999694
662514	688039	722111	753384	789116	825872	860717	887298	921406	959174	999984
663440	688781	722581	753393	789146	825971	860863	887312	921413	959285	xxxxxx
663814	689321	723030	754974	789262	826080	860938	887554	921941	959289	xxxxxx
664121	689368	723684	756411	789725	829795	861764	888034	923332	960751	xxxxxx
664309	690393	723726	757331	790479	831838	861976	889430	924685	960935	xxxxxx
664907	691224	724414	758499	790493	831864	862133	890841	924843	961453	xxxxxx
664947	692016	724530	758532	792250	831973	862653	891621	925981	961742	xxxxxx
666152	692053	725262	758716	792263	831987	863262	891719	926812	964289	xxxxxx
668456	692243	725586	758783	793861	832999	863696	891808	927050	965093	xxxxxx
668761	692349	725618	758837	794577	833338	864583	893288	927752	966925	xxxxxx
