
DRAW RESULT OF RS. 750/- DENOMINATION NATIONAL PRIZE BONDS-104th DRAW

First Prize of Rs. 1,500,000/-

797063

Second Prize of Rs. 500,000/- each.

118702    290665    668206


Third Prize

000574	032667	059676	091092	122135	154678
000613	033149	059889	091411	123308	155187
001457	033180	060518	091919	123716	155934
001574	033200	060914	092162	124017	156343
002725	034116	062437	092457	125774	159223
002904	034375	063015	092513	125972	159304
003310	034678	063270	092845	126077	159382
004686	034814	063499	093139	126441	159709
004805	035482	063744	093729	127963	160009
005349	035598	063889	094806	128364	160231
006933	035782	064009	094995	128640	160713
006973	035888	064980	095899	129298	161507
007223	036768	065049	096529	130546	161684
007998	037461	065489	096614	130754	162058
009060	037741	065686	096764	131101	163257
009689	039459	066666	096800	131321	163453
009712	039552	067104	096983	132037	163971
011193	040186	067401	097265	132059	164960
013795	041137	067630	097486	132415	165254
013865	042902	067954	097800	132984	165442
014602	043480	067976	097878	133248	165969
015534	044066	068461	098148	134008	166739
015582	044666	069996	101111	135099	166806
015727	045257	070432	101971	137024	167114
015938	046343	070632	105354	138716	167477
017264	047061	071840	107162	138788	168272
017410	047367	071975	108031	139240	169213
017551	047493	072288	108139	139482	169422
018420	048482	072878	108500	139667	169490
019517	048645	072960	109082	139932	169659
019768	048829	074299	109792	140284	170186
020011	048852	074706	110205	141264	171089
020182	049107	075600	110484	141364	171325
020932	049562	076397	110568	141560	171932
022304	050162	076537	110574	141875	172741
022378	050857	077191	110684	143185	173024
023180	050993	077960	111534	143270	173389
024076	051446	078136	112058	145472	174011
024231	051485	078417	112822	146265	174237
024647	051889	080563	113166	147521	174301
025824	052725	081380	113604	147824	174475
026342	052757	081896	113722	148175	174795
026735	053133	082677	114137	148763	175054
027434	053558	083428	115082	149145	175155
028313	053848	085156	116474	151176	175189
028355	055186	085537	117016	151303	175629
028460	055306	086004	117984	152441	175655
028598	055379	087497	118838	153497	176217
028624	057587	088186	119596	154300	176835
030646	058180	088627	121101	154409	177264
031067	058379	090091	121295	154467	178168
031180	058386	090626	121591	154558	178745


179617	210206	242081	274599	298602
181088	211599	244570	275534	298699
181137	212286	246250	276217	298761
181456	212684	247341	277183	299888
181830	212892	247631	277487	299905
182356	213313	247713	278432	303141
182524	213665	248688	278592	303756
182545	214099	249652	278826	304055
185554	215192	249951	278872	304174
185802	215511	250595	278951	304479
186466	216071	250661	279358	304699
187932	216186	251545	279862	305952
188159	216599	251752	280173	306131
189905	217173	251819	280494	307143
190653	217434	252629	280902	307544
190958	217849	252917	281056	307868
191120	219122	253062	281233	308018
191542	219208	254115	281661	308280
191759	219521	254705	282338	309498
192971	220723	255073	282454	310401
193356	221691	255915	282749	310641
193736	221904	256213	282754	310890
194086	222177	256862	282967	311709
194116	222248	257682	283432	311834
194910	222308	257847	284100	311846
195116	222456	258968	284619	314490
195191	222902	258970	285696	315447
195194	223144	259073	286013	315468
197254	225277	260200	286441	315752
197653	226837	260775	286632	316493
198435	226907	261126	286765	319982
198871	227224	261137	287086	320061
199228	228042	262104	287328	321709
199455	228364	262411	288651	322004
200295	228589	263166	289993	322387
200823	230162	265868	290511	322758
201436	232898	266210	290695	324003
201927	233025	266265	291314	325434
201944	234691	267423	291686	325764
201972	235572	267511	292775	326765
202142	236031	267670	293413	326791
202250	236134	268594	293477	327175
202742	236371	269164	293701	327638
204742	237024	269497	294016	328204
204796	237438	269562	295478	328222
205159	239824	270554	295842	328540
206395	239952	271456	295973	328855
207143	240415	271617	296905	329266
207878	240809	272437	296922	329444
208484	241098	273587	297302	331099
209410	241378	273735	298218	331127
209657	241919	273846	298579	331345


331365	364054	395916	426555	459129	492190
331745	364112	396001	426970	461073	492447
332668	367105	396255	427015	461466	493067
333362	367617	397008	427813	462985	494366
333662	368286	397831	428609	463247	494699
333771	368491	398299	429980	464470	495494
334036	368577	398440	429990	465218	495959
334558	368665	399167	430192	465683	496163
334765	368878	399458	431060	466115	497027
335777	369128	399925	432038	466650	497037
335969	369339	400413	432290	466729	497928
337034	370271	402000	432482	466950	498286
338273	371570	402022	432622	468750	498296
338941	371748	402056	433125	468921	498936
339993	372092	403341	434829	468936	498960
340061	372483	403498	436398	469959	499269
340267	373585	403675	437327	470020	499900
340511	373983	404254	437457	470073	500734
340774	374013	404638	438289	470245	500749
341755	374214	405819	438526	470378	500811
341875	374265	406487	439418	470899	501049
342217	375590	406765	439648	471079	501265
342293	376178	407015	440198	472066	501390
342547	376484	407141	440626	472236	503043
344022	377363	407420	440638	472406	503926
344646	377787	408919	440653	472514	504064
344759	378436	409009	440885	472977	504605
345296	379111	409900	442385	473945	505737
346190	379325	410245	442806	474187	506732
348252	379569	411330	443194	474190	506972
348476	380110	411719	443199	475043	507557
349054	381015	412294	443311	475925	507688
349520	382003	413205	443673	476821	508172
350789	383376	413664	444729	477729	509196
351254	384781	414020	444755	478122	509738
351580	384893	414198	446434	478598	509876
353614	385656	414684	447145	479320	509976
353705	386206	414754	449030	479444	511431
354910	386286	414852	449091	479825	512521
356691	386891	415225	449179	480023	513566
358077	386910	416565	450215	481260	513612
358439	387173	416895	450308	481501	513828
358528	389377	417322	454684	481736	515957
358687	389726	421995	454819	483005	516338
358732	390875	422351	455390	486764	517146
359537	392248	422799	455847	486898	517325
361002	392440	422938	456528	487129	517524
362269	392617	423366	458296	487283	518148
362419	393096	423633	458506	489917	519232
362910	393519	425617	458780	490543	520751
363913	393809	425908	458783	491663	520996
364025	394893	426549	459018	491768	521191



521968	555342	593633	623544	657697
522097	556225	593751	623953	659617
522271	556804	593911	625889	659820
522305	557077	594456	626771	660148
522703	559957	594571	627032	660577
522766	560120	595200	627249	661338
523713	560470	596348	628260	662414
523775	560897	596653	630096	663457
524170	561681	597143	630234	663734
524743	562444	597458	630261	664042
525306	563451	598762	630298	665426
525712	563540	598989	631563	666453
526206	563558	599122	632558	666571
527106	563643	599177	633153	666789
527487	563820	599487	634130	667052
527509	564470	600377	635279	667324
527985	564538	600585	635470	667539
528072	565146	600782	636277	667964
528995	565253	601352	637369	668390
529062	566367	601771	638646	669197
529674	566891	603309	640157	671680
529929	567028	603699	640256	672289
530081	567321	603704	640642	673860
530570	567428	605987	641097	673943
531215	571297	607582	644050	674387
532193	571627	607668	644092	674685
534083	571973	608060	645050	674731
534995	572594	608254	645902	675264
535134	575862	609644	646658	675886
535862	576083	609784	647900	676234
536083	576750	609817	647972	677028
536466	577067	610668	648090	677635
537309	577397	613518	648103	679302
539862	578205	613953	648137	679661
539904	578769	614268	648383	680472
540231	580493	614633	649557	680548
540939	581936	614676	649846	680924
540966	582670	614765	650405	681192
542284	582852	614872	651133	681721
543470	583325	615326	651699	681854
544143	584409	615939	651786	682187
544788	584494	616079	652324	684315
545813	584925	616568	653065	684840
546344	585969	616951	653171	685798
546426	586224	617298	653913	686290
547223	586239	617564	654412	686387
549422	586666	617668	655359	686661
549474	589696	619115	655766	687448
550901	590762	620101	656533	687608
552708	592655	620496	656595	688373
553398	592847	621101	657237	688767
555028	593071	623057	657311	688883


691154	720043	750006	771095	802496	831295
695105	721041	750017	771545	802847	831329
695558	722348	750257	773314	804021	831386
695608	722553	750570	773361	804540	831803
695888	723343	751275	774056	804819	832716
695929	724055	752502	774336	805340	833162
695937	724086	752582	775210	805740	833629
696695	724176	752598	775417	805840	833767
696740	724479	752615	775563	806254	834175
696933	724945	753890	776889	806649	834386
697222	725353	754541	777043	807322	834444
698159	726678	754952	778415	807747	834664
699737	727162	755647	779401	807800	834729
700756	728149	755669	779516	807858	835498
701338	729358	756165	779526	808324	835599
701344	729608	756539	779534	809547	836026
702416	729718	756796	780787	809602	836319
703358	730807	757013	781280	810615	836855
703650	730922	757023	782498	810738	837271
703893	732493	757709	782914	810967	837443
704893	732692	758044	783245	811113	837472
705699	732802	758095	783996	811402	837675
706343	732834	758171	784178	812474	840233
706588	732862	758344	784203	814072	841349
707458	733529	758360	784669	814955	842323
708841	733600	758672	785041	814968	844937
709977	733714	758741	785954	814988	845374
709997	733939	761015	786640	815205	845453
710413	733996	761214	788044	815373	845579
711278	734059	761588	788139	815543	845956
712688	734239	761719	788540	816064	846134
713011	734578	761785	788938	817463	846341
713124	734885	762009	789220	817531	847226
713339	735239	762222	789607	818866	847309
713478	737987	763467	789734	819193	848113
713872	738118	764823	790509	819711	848799
714329	738129	765001	790858	820550	848932
715152	738580	765305	791887	821299	849352
715308	738636	765419	793080	821637	849456
715342	739271	766034	795043	822533	849924
715343	739612	766178	795083	823039	850077
715640	739645	767082	795691	823078	850721
716958	740497	767733	795783	824156	851625
717537	742056	768198	796485	825239	851727
717891	742316	768344	797064	828762	852910
718392	743751	768933	797913	828858	854570
719127	744825	769520	798565	829345	854872
719186	747691	769893	798616	829725	856088
719226	748156	770243	799705	829857	856208
719238	749012	770610	800999	830259	859611
719246	749219	770931	801246	831066	859967


861490	885815	912497	943629	980720
862856	886793	912556	943879	980939
862942	888475	913184	944921	981197
863135	888569	914386	945367	982329
863324	888663	915423	945752	982682
863574	888758	915861	948148	982733
863985	888925	916359	948173	983245
865443	889777	917758	948211	983490
865652	890295	922019	948575	983856
865981	890806	922467	950238	983885
866110	891253	922638	951038	984067
866601	891341	922860	952026	984211
866715	891740	923553	952279	984815
866717	892262	923625	952697	985112
866730	892305	924155	952954	985309
867801	894421	924441	953460	985890
868126	894910	925424	953689	986190
868267	896927	926010	954485	986522
868517	897243	926784	955210	986838
869515	897945	926895	956001	987623
870529	900369	927647	956124	987761
870619	900932	927882	956779	988557
871008	901111	927903	957028	989002
871413	901143	929558	959108	989617
871414	901637	930252	959355	989966
873289	901809	931237	961034	990335
873723	902211	931368	962628	990578
873786	902254	931825	963981	990814
874067	902682	933212	964215	991903
874728	904420	933717	965121	992182
875796	904910	933818	965688	992487
876042	904975	933958	965722	992842
876047	904988	933966	965812	993041
876375	905574	936125	966687	993059
876506	905657	936446	966973	993196
877011	905733	937556	968272	993515
877344	905863	938444	969040	994636
877782	906383	939032	969228	995509
878054	906799	939132	969452	995954
878283	907060	939222	970680	995982
878636	907938	939709	971733	996082
878835	908375	939858	971765	998041
878995	908667	940080	971944	XXXXXX
880005	909199	940572	973229	XXXXXX
880157	909685	940844	973577	XXXXXX
880297	909782	941933	976814	XXXXXX
881700	909924	942138	977490	XXXXXX
881835	910048	942487	977566	XXXXXX
882332	910577	942744	979658	XXXXXX
884067	911061	943413	979786	XXXXXX
885496	912451	943453	980207	XXXXXX
