				
DRAW RESULT OF Rs.750/- DENOMINATION NATIONAL PRIZE BONDS – 107th  DRAW

First Prize of Rs.1,500,000/- each

976106

Second Prize of Rs.500,000/- each

350211    604285     607262

Third Prize of Rs 9300/-


000381	035674	068707	090502	122253	148280	173445	205956	232116	270161	306346
000699	036492	068780	090629	122379	148633	174255	206106	232679	272896	306630
000860	036885	069656	090978	122533	149169	174381	206761	232795	272978	307183
000930	039081	070051	092046	122629	151477	175146	207189	233759	273408	307845
001857	040416	072944	092141	123860	152762	176014	207976	235088	273764	308207
003034	041311	073747	092663	124678	153191	176100	208883	235173	274137	308921
003738	041653	074626	092916	124998	153199	176227	209937	235266	274146	308975
005466	042018	075293	093412	125255	153520	177678	210759	236014	275600	309039
006768	042043	075677	095901	125271	154086	178268	210867	237727	275805	309734
008256	042173	076316	097799	126034	154913	178729	211190	238007	275989	309746
008643	042405	076516	098153	126208	154994	179074	211995	238160	277001	310312
008766	042720	076917	098167	126679	155224	179263	212530	238256	277792	311360
011190	042945	077318	098706	127634	155324	180251	212599	238343	278328	311502
012038	043079	078873	098941	128913	156386	180668	212983	239255	278692	312760
012107	044329	079581	100211	130251	156590	181514	213529	241485	278763	314807
014034	044726	079974	100721	130267	156785	181806	213998	241835	279453	316055
014623	046778	080048	103546	130286	158020	182667	214748	241879	281178	317366
015171	048906	080171	103617	130807	158088	182794	215308	242479	281200	317786
015218	048997	080245	103712	131500	158541	183001	215461	243442	281323	318381
015254	050565	080502	104373	131732	158648	184135	216418	243760	282185	318490
015653	050687	080761	105251	132083	158681	184228	217867	244089	283097	319780
016522	051860	081190	105864	132297	159425	184463	218814	246773	283141	321063
016935	052584	081427	107201	132475	159758	184475	218914	246828	283766	321259
017026	052778	082308	108961	132652	160584	184972	219919	247856	284984	321852
018281	052900	082487	110633	132906	160850	185845	221030	248177	285125	322406
018415	054458	082538	111382	135245	162381	185951	221955	248550	285143	323487
019444	055394	082688	111394	136311	163921	186628	222783	248855	285764	324896
019557	056763	082750	112182	136990	164774	187284	223041	249596	286640	325263
020022	056983	082757	113379	137605	164813	187307	224139	250174	286760	325500
020778	057094	082777	113427	138391	165177	187998	224526	251036	287035	326720
021827	057673	083322	113605	138847	166059	188695	225210	251673	289095	327413
022023	058183	083573	114062	139558	166144	188923	225344	252929	289330	327708
022473	058311	083594	114761	139659	166245	191748	226419	254837	290191	327726
022686	058402	084255	116157	140574	166292	192577	226705	254838	291781	328202
023474	058604	084794	116728	140761	166382	192951	227319	255151	294133	329097
023548	058704	085000	117826	140981	166760	193443	227383	256815	294785	329669
023880	059016	085031	118004	142370	167140	193645	227410	256856	294809	329787
024547	061161	085139	118391	142705	167171	193702	227814	257139	296110	330360
025771	061399	085390	118962	142733	167280	194797	228014	258664	296847	331163
025794	061456	086069	119206	142739	167963	197281	228175	259453	297009	331700
025906	061519	086792	119753	142961	168225	197451	228582	261085	297807	332885
027215	062233	087721	120190	143069	168852	198025	228683	261519	298093	333398
028005	062263	087724	120253	143082	169468	199721	229538	261796	298282	333838
029768	062852	087824	120895	143404	169550	202036	229779	263066	298465	334462
030464	063188	088542	120995	143701	170377	202305	229781	263365	298727	334778
031396	064017	088686	121130	143783	170721	202911	229904	264065	300712	335037
031510	064202	089186	121170	145028	170730	203550	230629	264745	301886	335067
032511	064407	089307	121336	145344	171064	203866	230806	265585	302535	335575
032687	067306	089738	121527	145988	172254	204228	230813	267668	302726	336656
033709	068072	090051	121870	146915	172897	204271	231115	269245	302901	337913
034207	068118	090259	122124	146949	172959	205680	231872	269987	304256	338187
035169	068330	090358	122171	147123	173319	205894	231995	270004	305019	338781


339888	371783	405517	440969	477347	507353	533354	556809	584906	616385	647471
339923	372330	405892	441630	477777	508621	533947	557365	584964	616841	650018
340784	372978	406342	441895	477874	509150	534984	557584	585212	616856	650022
340860	373135	406431	442307	477954	510406	535188	557757	585948	617393	650371
341814	373540	406536	442674	478420	510770	535765	557915	586296	617549	651145
343498	373793	408988	443211	478475	511327	535832	558504	587124	617757	651179
343596	374201	410048	443371	478935	513039	535887	558758	587924	617842	651743
343712	374796	410946	443460	481645	513339	536254	558813	588102	618040	651878
343893	375453	411206	444100	481779	513779	536331	559154	588123	618402	652312
343945	378455	413728	445261	482115	513804	537030	559854	588394	618732	652443
344697	379212	414080	445485	482135	513879	537197	559967	589411	618909	652487
344810	379301	414481	445644	482955	514905	537230	560933	589425	619003	652702
345165	380720	414706	446384	483448	514949	537778	564214	590150	620653	652723
345496	381163	414936	446674	484498	514983	538044	564682	590527	622685	653153
346988	381315	415174	447549	485357	515297	538405	565342	591009	623884	653649
347039	381930	415317	448654	486818	515364	538852	566134	591351	624098	655211
347141	384000	415987	448854	486910	516701	538896	566438	591987	624553	655228
347591	384045	416183	448934	487131	516817	539781	567828	592035	624924	655550
347962	386436	416826	449627	487856	517700	540527	568216	592219	625138	656866
348136	386924	417284	449785	489310	517757	542753	568784	592973	626867	657109
348155	386962	417829	453616	489576	518208	542808	569641	593088	627805	657507
348215	387317	418592	454966	489648	518414	544024	569968	593455	629146	657892
348570	388135	418823	455427	489759	518503	544246	569979	593654	630408	658023
348920	389493	418926	455478	490431	518987	544803	570073	594059	631082	659806
349046	389926	419022	457006	491267	519162	545247	571103	594087	631294	660222
349734	390238	419195	457613	491502	519851	545327	571114	595302	631447	662452
351089	390374	419308	458686	491717	520332	545392	571617	598516	631465	662724
352288	391414	419405	458922	491949	520388	545939	572047	598779	632521	662763
352862	391709	421985	460543	492870	520587	547558	572687	599022	632871	663552
353090	391778	423224	461718	492916	521181	547823	573313	599473	633534	665245
353916	392353	423379	461782	493702	521197	548624	574134	600069	633549	665454
355194	393040	423426	463148	494940	521354	548988	575605	600953	633626	666193
356268	393151	424221	464012	494966	522600	549187	576722	601661	633839	666669
356876	393414	424754	465819	495772	523279	549650	577198	601878	634467	669097
357323	393486	426459	466262	496304	524396	549759	577758	601930	636410	670021
357530	393654	426855	466470	496905	524864	550407	578664	602779	636781	670251
357866	394403	427885	466904	497470	524929	550461	578962	604309	636790	670567
358835	394720	428021	467969	498423	525627	550646	578973	607415	638128	670739
359035	394736	428159	468276	498747	526826	550924	579205	608106	638785	670844
359655	394956	428532	468873	499908	526854	550950	579437	608912	638961	671175
359723	396010	429243	469818	501140	526937	551745	579457	609327	639265	671459
360516	396574	429833	470854	501244	527195	552871	579868	610786	639328	671675
360717	398079	430034	471597	501391	527467	553400	580160	611068	639513	672221
364778	399211	432220	472643	501422	527659	553632	580229	612758	640309	672264
365990	400407	432288	473741	501676	527868	554822	580436	613436	640525	672554
366724	400487	432606	474055	502116	528603	554828	580467	614094	641841	672659
367919	400541	433980	475536	502883	529106	555552	582802	614163	641947	673241
368631	402189	435890	475917	502913	529706	555838	583032	614228	642081	673306
368815	404857	438419	475947	503616	529813	555913	583315	614381	642846	673533
368876	404925	439219	476681	504247	531729	556040	583537	614438	643608	675468
370965	404940	439779	476770	505322	533107	556652	583926	615471	645612	675682
371421	405486	439913	477026	505516	533352	556681	584898	615604	646353	677023



677435	707904	732943	766956	798046	833556	865182	894525	921020	945559	979013
677469	708533	736756	768349	798381	833704	865488	894574	921196	946468	979168
677709	708779	737503	768701	799956	835228	865564	894935	922289	947074	979583
678640	709081	737539	769686	800863	835361	865858	895499	922611	947231	981149
679144	709279	737553	770120	801356	835639	866409	896704	922674	947617	981390
679981	709524	738501	770234	803299	835822	866555	897094	923857	947918	981979
680315	710131	739542	771830	803980	836138	866776	897500	924397	948223	983294
680471	710163	739961	771899	805643	838753	867478	897728	925243	948653	983793
682028	711156	740041	771956	806106	838807	868517	898323	926463	949486	983915
683770	711401	740728	772120	806150	838899	868902	898327	927004	949594	984134
683919	711846	741393	772437	806438	839889	869643	898776	927133	949625	984137
684519	711983	743028	772663	806911	840873	869767	900132	927238	949695	984340
684851	713062	743899	772682	806981	841982	869946	900188	927247	949838	984382
685918	713077	743992	773852	807273	842247	870653	900287	927395	951653	984672
686164	713283	744320	774917	808835	843082	871071	900464	928153	952232	985345
688638	713299	746005	775782	810928	843700	871657	903374	928393	952258	985622
688700	713623	746319	775838	811987	844620	872240	903723	928735	953133	986405
689187	713700	746632	775887	811991	845635	872682	903752	929427	954210	987506
689896	714887	747883	776371	813307	845952	872921	903888	930885	954821	987956
690457	715469	747989	776768	813721	846662	873610	904618	931196	954957	989218
690626	715771	748135	776863	814608	848461	875700	904948	931366	955044	989905
690795	715892	748781	777195	815020	848615	878095	905748	932541	955148	990722
691071	716179	748955	777251	815528	849030	879130	906390	932831	955835	990815
691464	716511	749107	777773	815714	849435	879713	907126	932984	959183	991076
691903	716544	749161	777931	815856	849688	879722	907602	933844	959346	991874
693868	716985	750354	778293	815881	851492	880356	908033	933938	959637	991997
694145	717932	751410	779650	816939	852272	880967	909196	934547	959716	992063
694323	719119	751727	781619	816946	854245	882309	910882	934627	960790	992137
695423	719180	751751	781774	817456	854714	882710	911534	934921	960921	993133
696080	719492	754001	782287	817577	855170	883327	912223	935406	963260	993516
696258	720227	754096	783049	819797	856258	883904	912416	935478	963394	994454
697251	721310	755418	783469	821300	856803	884268	912933	936080	964072	995049
698664	722645	755710	784207	821549	857852	885117	913482	936527	964338	995245
698981	723903	756910	785204	822832	858094	885294	914495	937025	964709	995396
699008	723925	757858	786020	823179	858244	886125	914817	937176	966096	995412
699801	723979	757883	787727	824095	858845	886150	914869	937619	967317	995464
699993	725039	758626	787919	824295	859151	887645	915132	937773	967946	995727
700907	725108	758695	790459	824499	859865	888883	916885	937811	968687	997311
700909	725716	758785	791009	824529	860599	890299	916961	937945	970994	997968
703680	726322	759289	791023	825690	861134	890702	917331	938285	971090	998567
704121	727781	761256	791106	825814	861156	890890	917920	938819	971218	998836
704472	728939	761300	792256	826087	861482	891762	918438	940886	971633	999797
704502	730329	761545	792636	826752	861706	891764	918571	941661	973678	XXXXX
705065	730865	761791	793251	827264	861820	891897	918772	941726	974446	XXXXX
705368	731418	762931	793440	828415	862134	892078	918873	941904	974458	XXXXX
705798	731519	763240	793994	829128	862776	892666	919127	942898	976215	XXXXX
706031	731952	763899	794225	830268	863029	892933	919167	943350	976720	XXXXX
706060	731963	763989	794278	831201	863397	893171	919248	944192	977896	XXXXX
706144	731987	764400	794456	831942	864896	893932	919374	944424	977979	XXXXX
706990	732693	764403	795412	832391	865076	894166	919538	944828	978085	XXXXX
707288	732815	765024	796948	832535	865089	894263	919934	945544	978508	XXXXX

