DRAW RESULT OF RS. 750/- DENOMINATION NATIONAL PRIZE BONDS-103rd DRAW

First Prize of Rs. 1,500,000/-

953346

Second Prize of Rs. 500,000/- each.

294897    651248    965105

Third Price of Rs 93,00

000193	026751	059845	090509	123671
001184	027131	060413	091236	124461
001355	027135	061538	091593	126184
001523	028384	062754	092404	126631
001568	028593	063457	092539	126761
001900	029048	063852	092715	127536
003513	031286	064987	093128	127539
004921	031722	065541	093173	128002
004984	033211	065620	094032	128066
005018	033338	065683	095047	128559
005233	033652	066144	095812	129190
005954	035165	066445	096172	129517
007008	035836	066485	096605	129600
008192	036209	066768	097510	130001
008445	036403	069231	098805	130389
009109	036781	070024	100430	131236
009255	041092	070136	100704	131276
009332	041990	070655	100847	131689
009600	042292	070707	101771	131962
009721	042330	070942	102694	132338
010144	044038	072228	103405	133684
010574	044774	073132	103851	134116
010781	044942	073567	104992	134706
012208	045261	074489	105020	134944
013504	045646	075088	105289	135553
013965	046749	075889	108544	135712
014333	046838	076562	109714	136721
014537	047535	076791	110367	139101
014576	047784	077367	110960	139326
014869	047815	077970	111486	140032
014896	047847	078390	112103	140837
014898	048680	078685	112559	141306
015091	049664	080309	113758	141774
015143	049803	081248	114226	142720
015289	050270	081689	114595	142930
015923	050332	081778	114869	143930
016345	050777	081948	115001	144036
017582	050805	083440	115171	144518
017977	050924	083555	115233	144963
018221	053766	083578	115552	145334
019310	053989	083871	115585	145918
020340	054354	084417	115842	147960
021047	054674	084444	116561	148328
021367	055101	085303	116739	149609
021662	055154	086761	118343	150126
021774	055991	086978	118674	150943
022443	056075	087049	118690	151104
023620	056319	087059	118934	151868
024360	056727	087072	119809	153027
024968	056793	087273	120582	153370
025414	057870	088099	121301	154880
025447	058690	089304	122047	155549

155809	183794	221628	247947	282833	309237
156341	184283	221813	247949	283492	309254
159389	184976	222345	248100	284602	309312
160161	187222	222469	248226	285209	310311
161592	187375	222539	248438	286922	310366
162480	187626	224310	248617	288129	311991
162574	188489	224828	249162	289075	312227
162856	188534	225095	249828	289342	312912
163151	188840	225593	250734	290564	313043
163320	189056	225637	251375	291413	313276
163776	189619	226768	251711	291599	313387
163959	191750	226777	252160	292491	313865
164411	191816	227176	253470	293012	314056
164925	191897	227262	254001	293630	314283
165744	192425	227312	254090	294029	315317
166103	192575	227923	254495	296344	316009
166281	192617	230965	255168	296478	316428
166305	192810	231928	255256	296918	316970
166661	195387	232173	256885	297099	318220
166751	195410	232267	257040	297560	319952
167480	196512	232936	257526	297593	320811
167626	198804	232995	257753	297636	320999
168083	200428	233227	258666	298391	322023
168267	201042	234130	260558	298443	323063
169073	201545	235294	260996	299125	323416
169171	202394	235308	262229	299433	324560
171407	202780	235914	262633	299887	324951
171720	203481	236038	262958	299967	325470
172723	203654	236177	263851	300290	325691
173296	204144	236703	265164	300479	325909
173429	206452	237260	265682	300651	326802
174333	206886	237960	265915	300805	326987
174601	207278	238336	266819	300857	328036
174896	207287	238563	266823	300938	328431
175311	207555	238865	271874	301286	329100
177097	207826	239368	273392	301631	329133
177313	208589	239389	273907	301853	329229
178269	209203	239903	274811	302659	329840
178291	209488	240329	275927	304041	330123
178596	209591	241694	276582	304089	330695
178691	209821	241865	276885	304820	331588
179262	210359	242053	277040	304957	333292
179313	210547	242668	277846	304973	334673
179811	212215	242877	277886	305052	336317
179939	214229	243170	278832	305181	336324
180693	214963	243985	279299	305863	337710
181142	215730	244714	279874	306538	338585
181576	216020	245136	281392	307682	339103
181746	217274	245681	281854	307862	339531
182146	217353	246461	282091	308356	340736
182392	217746	247485	282094	308461	341079
182626	219913	247819	282409	309138	342527


342684	376034	405814	434813	470889
342732	376426	406128	434881	471062
343464	376628	407507	436306	471358
345167	376834	407896	436410	472014
345192	377432	407988	436590	472368
345364	377590	408405	437633	473625
346352	379034	408834	438263	474052
346360	379832	409467	438375	474149
346632	381422	409634	439671	474406
347180	383467	409738	440414	475239
347409	383811	410611	440712	475667
347490	384114	411947	440973	476536
347990	384242	412575	441614	476582
348871	385322	413802	442622	477013
349366	385854	413832	442860	478222
350706	386804	414031	443007	479023
350945	387149	414608	443366	479374
351705	387369	415776	446692	480215
352987	387401	415891	447057	480644
353530	387534	416314	447226	481561
354186	387817	417259	447800	482565
354571	388508	417401	448258	483142
355825	389400	417454	448750	483198
356530	390816	419194	450085	485616
356761	392176	419466	450429	485929
357168	393626	420166	452473	486592
357413	393713	420236	453572	488079
357666	393993	420447	453971	488109
358745	394077	421678	454335	488559
358774	394250	422618	455370	488964
359420	394271	422695	455537	489025
361281	394369	422808	457696	489250
361986	395184	424720	458593	490580
362301	395219	425142	458777	491853
362479	395475	426286	459061	492070
362811	395767	427506	459290	492168
362862	396017	428158	460721	493212
363682	396104	428174	461563	493548
363927	396460	428704	461824	494853
364517	397398	428864	462163	495737
366401	397427	428887	463009	495854
366657	397991	429217	463256	496279
366783	399702	429333	463714	496705
368187	400070	430236	465656	498289
369006	400889	430358	466373	498518
370542	402159	430722	467041	498668
370910	402487	430963	467097	498699
371565	402545	432568	467100	498944
371683	402695	432735	469507	499171
371773	403436	433911	469517	499361
373746	403774	434131	470100	499548
375788	403777	434136	470490	499914


500380	528859	561056	596922	624765	662180
502350	529170	561221	597181	625161	662564
502578	529936	561911	598313	625458	662645
503968	529948	562196	598578	628091	662901
504996	530306	562441	598688	628310	663123
505292	531693	563219	599304	628502	663406
505441	532130	563287	599419	628625	664639
505734	532244	563324	599498	630993	665035
505993	532254	565757	600140	631131	665673
506592	532388	566115	600232	631150	667167
506799	534479	566355	600505	634348	668895
507059	535357	566487	601511	634441	668911
507902	536474	572029	601528	635345	669833
508559	536525	572354	601557	635410	670337
509426	537112	572482	603244	636220	670496
509885	537238	573251	603750	637924	670590
510184	537311	573814	603852	637995	670596
510435	537939	574998	605762	638336	670794
511715	538263	575268	606860	638587	672287
511975	538264	575360	608339	638748	673142
514244	540888	576076	608746	639302	673437
515301	541052	576387	609078	640175	673475
515425	541263	577905	610347	641494	674238
515440	541367	579053	611094	641970	675002
515708	542219	579056	611209	642172	675805
515991	543783	579144	612620	642834	675902
516409	545227	579195	613612	642931	677336
516454	545449	579368	614205	643856	677827
517291	545829	581352	614299	644238	677865
517370	545873	581421	614514	644262	678252
518507	546999	581838	614979	644753	679053
518554	547644	582610	615093	644777	679317
520145	547855	583675	615350	645038	679441
520648	547989	584496	615493	646083	679822
521018	548125	584662	615638	646213	679908
522824	548479	584742	616320	646937	681206
522991	550005	584914	616858	648052	681365
523850	551297	584929	616910	648126	681430
523871	552474	585044	617253	651362	682456
524281	552897	586871	617836	651621	683498
524721	552998	587023	618493	652275	683716
524753	553170	587191	619703	656002	684283
524795	554639	587805	621216	657284	684290
524996	556313	587894	621817	657407	687267
525233	556783	588347	622123	657771	687290
525539	557134	589259	622341	658249	687493
525899	557713	590113	622636	658592	687639
525987	558046	592620	622901	660016	687761
526326	558445	593473	622986	660242	687788
527334	558688	593618	624215	660767	688313
528124	558707	596461	624437	661205	688683
528482	560497	596712	624623	661451	689718


689888	716338	742341	768791	796888
690580	716592	742881	769868	798957
690931	717646	744238	769882	800779
691039	717798	745493	770705	801072
692191	718240	746669	770737	801184
692202	718617	747183	771111	801372
692276	718669	747226	771173	801742
692411	720211	747451	771342	802119
692432	720386	747663	772312	802122
692453	720585	747809	772349	802360
692532	721126	748092	772688	802651
693485	721540	748421	772916	803658
695426	721630	748815	773248	803824
697343	721648	748898	773751	804198
697849	721929	749239	774059	804940
698063	722170	749302	774256	804962
698136	722927	749563	774656	806253
699468	724401	749594	774817	807478
699487	724778	749962	774845	807786
699911	725017	750518	774864	807857
700046	725164	751187	776192	808120
700457	725324	751455	777650	808280
700560	725768	752101	778569	808515
700978	726658	753317	778829	808963
701639	728063	754057	779145	810252
701939	728416	754068	779594	810920
701984	728792	754184	779658	811289
702915	730359	755142	779886	811617
703042	731294	756324	781308	811791
703563	731956	756764	781517	813676
704845	732776	757609	781721	813780
704935	732792	758409	784217	815386
707067	733759	758731	784302	815538
707277	734339	759701	784587	815564
708528	735173	760076	785553	817240
708546	735186	760443	785582	818943
708554	736064	760667	786232	820102
708763	737986	760976	786235	820678
709559	738359	761174	786280	821733
710311	738745	761624	786464	821927
711742	738788	762605	786947	822772
712730	739380	762711	787195	823037
713460	740004	763289	787665	823133
714568	740127	763946	787730	823820
714862	740330	764227	790930	824003
715231	740337	764478	791113	824044
715500	741062	767236	791585	824588
715569	741533	767323	791837	827824
715797	741874	767363	795028	828183
716214	741972	768109	795439	828240
716296	742070	768774	796754	831095


832923	862960	887248	913954	946929	977024
833087	863017	887643	914115	947554	977118
833304	863237	887750	914131	949516	977942
833606	863795	888631	914672	949936	979129
834017	863951	888818	915149	949960	979186
834044	864468	889079	915843	950467	979346
835165	864848	889212	916571	950711	979824
835453	866114	890394	917299	950755	979880
835561	866235	890580	917538	951781	980376
837237	866278	891911	918190	951821	981142
837486	867035	892340	918230	953072	981414
837782	867674	892571	918424	953227	981464
838010	867839	892733	919069	953605	981688
838097	867864	893572	920364	954018	982119
838847	867878	894616	920459	955021	982698
838971	868954	895221	920954	955530	983764
839347	869302	896652	921162	955648	985245
840918	870145	896714	922017	956382	985384
840976	870455	897298	922267	956650	985520
841698	871333	897302	922784	956706	986309
842153	871935	897985	924848	957151	986489
843417	872053	899288	925032	958848	986725
843463	872563	899411	926920	959113	987772
844761	872694	900065	927185	959639	988294
844927	873275	900649	927914	960581	988416
845353	873448	900779	927924	962045	988456
845578	876092	900909	928276	962180	988724
846150	876262	902264	929203	963403	991751
846560	876779	902844	930032	963799	991841
846796	878265	903354	932882	964637	993268
847648	878833	903552	932942	965192	993933
847788	879012	903639	934501	965426	994550
848475	879186	903775	934858	966022	994767
850729	880230	904203	935049	967664	996114
851627	881990	905119	935142	970824	996221
851718	882160	905127	936752	971166	996722
854058	882175	906741	937579	971207	997558
854505	882908	907033	938231	971253	997756
857699	883091	907693	938756	971845	998374
858308	883483	908809	938991	973128	999138
858599	883909	909804	939422	973345	999400
858767	884137	909859	940419	973357	999549
858883	884597	909921	941086	973673	XXXXXX
859035	884641	911605	941949	973964	XXXXXX
859163	884804	911615	942031	974016	XXXXXX
860329	885359	911655	943702	974937	XXXXXX
860920	886301	912408	943803	975299	XXXXXX
861237	886735	912620	944222	975460	XXXXXX
861818	887027	913124	944571	976240	XXXXXX
862035	887046	913447	945348	976565	XXXXXX
862923	887136	913942	945813	976569	XXXXXX

